length	RPM
0	0
1	0
2	0.071495153843987
3	0.071495153843987
4	0.071495153843987
5	0.071495153843987
6	0.071495153843987
7	0.071495153843987
8	0.071495153843987
9	0.071495153843987
10	0.071495153843987
11	0.071495153843987
12	0.071495153843987
13	0.071495153843987
14	0.071495153843987
15	0.071495153843987
16	0.071495153843987
17	0.071495153843987
18	0.071495153843987
19	0.071495153843987
20	0.071495153843987
21	0.071495153843987
22	0.071495153843987
23	0.071495153843987
24	0.071495153843987
25	0.071495153843987
26	0.071495153843987
27	0.071495153843987
28	0.071495153843987
29	0.071495153843987
30	0.071495153843987
31	0.071495153843987
32	0.071495153843987
33	0.071495153843987
34	0.071495153843987
35	0.071495153843987
36	0.071495153843987
37	0.071495153843987
38	0.071495153843987
39	0.071495153843987
40	0.071495153843987
41	0
42	0
43	0
44	0
45	0
46	0
47	0
48	0
49	0
50	0
51	0
52	0
53	0
54	0
55	0
56	0
57	0
58	0
59	0
60	0
61	0
62	0
63	0
64	0
65	0
66	0
67	0
68	0
69	0
70	0
71	0
72	0
73	0
74	0
75	0
76	0
77	0
78	0
79	0
80	0
81	0
82	0
83	0
84	0
85	0
86	0
87	0
88	0
89	0
90	0
91	0.071495153843987
92	0.071495153843987
93	0.071495153843987
94	0.071495153843987
95	0.071495153843987
96	0.071495153843987
97	0.071495153843987
98	0.071495153843987
99	0.071495153843987
100	0.071495153843987
101	0.071495153843987
102	0.071495153843987
103	0.071495153843987
104	0.071495153843987
105	0.071495153843987
106	0.071495153843987
107	0.071495153843987
108	0.071495153843987
109	0.071495153843987
110	0.071495153843987
111	0.071495153843987
112	0.071495153843987
113	0.071495153843987
114	0.071495153843987
115	0.071495153843987
116	0.071495153843987
117	0.071495153843987
118	0.071495153843987
119	0.071495153843987
120	0.071495153843987
121	0.071495153843987
122	0.071495153843987
123	0.071495153843987
124	0.071495153843987
125	0.071495153843987
126	0.071495153843987
127	0.071495153843987
128	0.071495153843987
129	0.071495153843987
130	0.071495153843987
131	0.071495153843987
132	0.071495153843987
133	0.071495153843987
134	0
135	0
136	0
137	0
138	0
139	0
140	0
141	0
142	0
143	0.071495153843987
144	0.071495153843987
145	0.214485461531961
146	0.214485461531961
147	0.214485461531961
148	0.214485461531961
149	0.214485461531961
150	0.214485461531961
151	0.214485461531961
152	0.214485461531961
153	0.214485461531961
154	0.214485461531961
155	0.214485461531961
156	0.214485461531961
157	0.214485461531961
158	0.214485461531961
159	0.214485461531961
160	0.214485461531961
161	0.214485461531961
162	0.214485461531961
163	0.071495153843987
164	0.071495153843987
165	0.071495153843987
166	0
167	0
168	0
169	0
170	0
171	0
172	0
173	0
174	0
175	0
176	0
177	0
178	0
179	0
180	0
181	0
182	0
183	0
184	0
185	0
186	0
187	0
188	0
189	0
190	0
191	0
192	0
193	0
194	0
195	0
196	0
197	0
198	0
199	0
200	0
201	0
202	0
203	0
204	0
205	0
206	0
207	0
208	0
209	0
210	0
211	0
212	0
213	0
214	0
215	0
216	0
217	0
218	0
219	0
220	0
221	0
222	0
223	0
224	0.285980615375948
225	0.285980615375948
226	0.285980615375948
227	0.285980615375948
228	0.285980615375948
229	0.285980615375948
230	0.285980615375948
231	0.285980615375948
232	0.285980615375948
233	0.285980615375948
234	0.285980615375948
235	0.285980615375948
236	0.285980615375948
237	0.285980615375948
238	0.285980615375948
239	0.285980615375948
240	0.285980615375948
241	0.285980615375948
242	0.142990307687974
243	0.142990307687974
244	0.071495153843987
245	0.142990307687974
246	0.285980615375948
247	0.500466076907909
248	0.500466076907909
249	0.500466076907909
250	0.500466076907909
251	0.500466076907909
252	0.500466076907909
253	0.500466076907909
254	0.500466076907909
255	0.500466076907909
256	0.500466076907909
257	0.500466076907909
258	0.428970923063922
259	0.428970923063922
260	0.428970923063922
261	0.428970923063922
262	0.428970923063922
263	0.428970923063922
264	0.428970923063922
265	0.428970923063922
266	0.285980615375948
267	0.285980615375948
268	0.285980615375948
269	0.071495153843987
270	0.071495153843987
271	0
272	0
273	0
274	0
275	0
276	0
277	0
278	0
279	0
280	0
281	0
282	0
283	0.142990307687974
284	0.142990307687974
285	0.214485461531961
286	0.214485461531961
287	0.214485461531961
288	0.214485461531961
289	0.214485461531961
290	0.214485461531961
291	0.214485461531961
292	0.214485461531961
293	0.214485461531961
294	0.214485461531961
295	0.214485461531961
296	0.214485461531961
297	0.214485461531961
298	0.214485461531961
299	0.071495153843987
300	0.071495153843987
301	0.071495153843987
302	0.071495153843987
303	0.071495153843987
304	0.071495153843987
305	0.071495153843987
306	0.071495153843987
307	0.071495153843987
308	0
309	0
310	0
311	0.071495153843987
312	0.071495153843987
313	0.071495153843987
314	0.071495153843987
315	0.071495153843987
316	0.071495153843987
317	0.071495153843987
318	0.071495153843987
319	0.071495153843987
320	0.071495153843987
321	0.071495153843987
322	0.071495153843987
323	0.071495153843987
324	0.071495153843987
325	0.071495153843987
326	0.071495153843987
327	0.071495153843987
328	0.071495153843987
329	0.071495153843987
330	0.071495153843987
331	0.071495153843987
332	0.071495153843987
333	0.071495153843987
334	0.071495153843987
335	0.071495153843987
336	0.071495153843987
337	0.071495153843987
338	0.071495153843987
339	0.071495153843987
340	0.071495153843987
341	0.071495153843987
342	0.071495153843987
343	0.071495153843987
344	0.071495153843987
345	0.071495153843987
346	0.071495153843987
347	0.071495153843987
348	0.071495153843987
349	0.071495153843987
350	0.071495153843987
351	0.071495153843987
352	0.071495153843987
353	0.071495153843987
354	0.071495153843987
355	0
356	0
357	0
358	0
359	0
360	0
361	0
362	0
363	0
364	0
365	0.142990307687974
366	0.142990307687974
367	0.142990307687974
368	0.142990307687974
369	0.142990307687974
370	0.142990307687974
371	0.142990307687974
372	0.142990307687974
373	0.142990307687974
374	0.142990307687974
375	0.142990307687974
376	0.142990307687974
377	0.285980615375948
378	0.357475769219935
379	0.357475769219935
380	0.357475769219935
381	0.428970923063922
382	0.428970923063922
383	0.428970923063922
384	0.428970923063922
385	0.428970923063922
386	0.428970923063922
387	0.500466076907909
388	0.500466076907909
389	0.500466076907909
390	0.500466076907909
391	0.500466076907909
392	0.500466076907909
393	0.500466076907909
394	0.500466076907909
395	0.500466076907909
396	0.500466076907909
397	0.500466076907909
398	0.500466076907909
399	0.500466076907909
400	0.428970923063922
401	0.428970923063922
402	0.214485461531961
403	0.214485461531961
404	0.214485461531961
405	0.214485461531961
406	0.214485461531961
407	0.214485461531961
408	0.214485461531961
409	0.214485461531961
410	0.214485461531961
411	0.214485461531961
412	0.214485461531961
413	0.214485461531961
414	0.214485461531961
415	0.214485461531961
416	0.214485461531961
417	0.214485461531961
418	0.214485461531961
419	0.214485461531961
420	0.071495153843987
421	0.071495153843987
422	0.071495153843987
423	0.071495153843987
424	0.071495153843987
425	0.071495153843987
426	0.071495153843987
427	0.071495153843987
428	0.071495153843987
429	0.071495153843987
430	0.071495153843987
431	0
432	0
433	0
434	0
435	0.071495153843987
436	0.071495153843987
437	0.071495153843987
438	0.071495153843987
439	0.071495153843987
440	0.071495153843987
441	0.071495153843987
442	0.071495153843987
443	0.071495153843987
444	0.071495153843987
445	0.071495153843987
446	0.071495153843987
447	0.071495153843987
448	0.071495153843987
449	0.071495153843987
450	0.071495153843987
451	0.071495153843987
452	0.071495153843987
453	0
454	0
455	0
456	0
457	0
458	0
459	0
460	0
461	0
462	0
463	0
464	0
465	0
466	0
467	0
468	0
469	0
470	0
471	0
472	0
473	0
474	0
475	0
476	0
477	0
478	0
479	0
480	0
481	0
482	0
483	0
484	0
485	0
486	0
487	0
488	0
489	0
490	0
491	0
492	0
493	0
494	0
495	0
496	0
497	0
498	0
499	0
500	0
501	0
502	0
503	0
504	0
505	0
506	0
507	0.71495153843987
508	0.71495153843987
509	1.57289338456771
510	2.14485461531961
511	2.71681584607151
512	3.57475769219935
513	3.57475769219935
514	3.64625284604334
515	3.93223346141928
516	4.57568984601517
517	4.79017530754713
518	5.00466076907909
519	6.50605899980282
520	6.50605899980282
521	6.50605899980282
522	6.50605899980282
523	6.50605899980282
524	6.50605899980282
525	6.43456384595883
526	6.43456384595883
527	6.43456384595883
528	6.43456384595883
529	6.43456384595883
530	6.29157353827085
531	6.00559292289491
532	5.93409776905092
533	3.50326253835536
534	0.071495153843987
535	0.071495153843987
536	0.071495153843987
537	0.071495153843987
538	0.071495153843987
539	1.85887399994366
540	1.85887399994366
541	8.07895238437053
542	9.15137969203034
543	10.0093215381582
544	10.1523118458462
545	10.3667973073781
546	11.224739153506
547	11.5107197688819
548	11.5107197688819
549	12.3686616150097
550	12.6546422303857
551	12.7976325380737
552	12.7976325380737
553	12.7976325380737
554	12.9406228457616
555	13.1551083072936
556	13.1551083072936
557	13.1551083072936
558	13.1551083072936
559	13.1551083072936
560	13.0836131534496
561	13.0121179996056
562	12.7261373842297
563	11.7252052304139
564	2.78831099991549
565	2.71681584607151
566	2.50233038453954
567	2.50233038453954
568	2.50233038453954
569	2.2163497691636
570	2.2163497691636
571	2.2163497691636
572	2.2163497691636
573	1.0724273076598
574	1.00093215381582
575	1.00093215381582
576	1.00093215381582
577	0.571961230751896
578	0.571961230751896
579	0.571961230751896
580	0.571961230751896
581	0.142990307687974
582	0.142990307687974
583	0.142990307687974
584	0.071495153843987
585	0.071495153843987
586	0.071495153843987
587	0
588	0
589	0.071495153843987
590	0.071495153843987
591	0.071495153843987
592	0.071495153843987
593	0.071495153843987
594	0.071495153843987
595	0.071495153843987
596	0.071495153843987
597	0.071495153843987
598	0.071495153843987
599	0.071495153843987
600	0.071495153843987
601	0.071495153843987
602	0.071495153843987
603	0.142990307687974
604	0.428970923063922
605	0.428970923063922
606	0.428970923063922
607	0.428970923063922
608	0.428970923063922
609	0.571961230751896
610	0.571961230751896
611	0.571961230751896
612	0.571961230751896
613	0.643456384595883
614	0.643456384595883
615	0.643456384595883
616	0.643456384595883
617	0.643456384595883
618	0.643456384595883
619	0.643456384595883
620	0.643456384595883
621	0.643456384595883
622	0.643456384595883
623	0.643456384595883
624	0.643456384595883
625	0.643456384595883
626	0.643456384595883
627	0.643456384595883
628	0.357475769219935
629	0.357475769219935
630	0.357475769219935
631	0.357475769219935
632	0.357475769219935
633	0.285980615375948
634	0.285980615375948
635	0.142990307687974
636	0.071495153843987
637	0.071495153843987
638	0
639	0
640	0
641	0
642	0
643	0
644	0
645	0
646	0
647	0
648	0
649	0
650	0
651	0
652	0
653	0
654	0
655	0
656	0
657	0
658	0
659	0
660	0
661	0
662	0
663	0
664	0
665	0
666	0
667	0
668	0
669	0.214485461531961
670	0.428970923063922
671	0.428970923063922
672	0.428970923063922
673	0.500466076907909
674	11.5822149227259
675	26.5961972299632
676	45.5424129986197
677	60.0559292289491
678	67.2054446133478
679	71.209173228611
680	72.2101053824269
681	73.4255229977746
682	74.2834648439025
683	75.0699115361864
684	77.7867273822579
685	77.7867273822579
686	77.7867273822579
687	77.7867273822579
688	77.7867273822579
689	77.7867273822579
690	77.7867273822579
691	77.5722419207259
692	77.5722419207259
693	76.857290382286
694	76.6428049207541
695	76.2138339976901
696	76.2138339976901
697	76.2853291515341
698	76.2853291515341
699	0.428970923063922
700	0.142990307687974
701	0.142990307687974
702	0.71495153843987
703	0.71495153843987
704	0.71495153843987
705	0.71495153843987
706	0.71495153843987
707	0.71495153843987
708	0.71495153843987
709	0.71495153843987
710	0.71495153843987
711	0.71495153843987
712	0.71495153843987
713	0.71495153843987
714	0.71495153843987
715	0.71495153843987
716	0.71495153843987
717	0.285980615375948
718	0.142990307687974
719	0.142990307687974
720	0.142990307687974
721	0.142990307687974
722	0.142990307687974
723	0
724	0
725	0
726	0
727	0
728	0
729	0
730	0
731	0
732	0
733	0
734	0
735	0
736	0
737	0
738	0
739	0
740	0
741	0
742	0
743	0
744	0
745	0
746	0
747	0
748	0
749	0
750	0
751	0
752	0
753	0
754	0
755	0
756	0
757	0
758	0
759	0
760	0
761	0.071495153843987
762	0.071495153843987
763	0.071495153843987
764	0.071495153843987
765	0.071495153843987
766	0.071495153843987
767	0.071495153843987
768	0.071495153843987
769	0.071495153843987
770	0.071495153843987
771	0.071495153843987
772	0.285980615375948
773	0.285980615375948
774	0.357475769219935
775	0.357475769219935
776	0.357475769219935
777	0.357475769219935
778	0.357475769219935
779	0.357475769219935
780	0.357475769219935
781	0.357475769219935
782	0.357475769219935
783	0.357475769219935
784	0.357475769219935
785	0.357475769219935
786	0.357475769219935
787	0.357475769219935
788	0.357475769219935
789	0.357475769219935
790	0.357475769219935
791	0.357475769219935
792	0.285980615375948
793	0.285980615375948
794	0.071495153843987
795	0.071495153843987
796	0.071495153843987
797	0
798	0
799	0
800	0
801	0
802	0
803	0
804	0
805	0
806	0
807	0
808	0
809	0
810	0
811	0
812	0.071495153843987
813	0.071495153843987
814	0.071495153843987
815	0.071495153843987
816	0.071495153843987
817	0.071495153843987
818	0.071495153843987
819	0.071495153843987
820	0.071495153843987
821	0.071495153843987
822	0.071495153843987
823	0.071495153843987
824	0.071495153843987
825	0.071495153843987
826	0.071495153843987
827	0
828	0.357475769219935
829	1.0724273076598
830	1.71588369225569
831	2.93130130760347
832	3.2887770768234
833	4.50419469217118
834	5.29064138445504
835	6.79203961517876
836	7.57848630746262
837	7.93596207668255
838	7.93596207668255
839	7.93596207668255
840	7.93596207668255
841	7.93596207668255
842	7.93596207668255
843	7.93596207668255
844	7.93596207668255
845	7.93596207668255
846	7.07802023055471
847	6.43456384595883
848	6.29157353827085
849	6.29157353827085
850	6.29157353827085
851	5.79110746136295
852	4.9331656152351
853	4.57568984601517
854	1.21541761534778
855	0.643456384595883
856	0.571961230751896
857	0.285980615375948
858	0
859	0
860	0
861	0
862	0
863	0
864	0
865	0
866	0
867	0
868	0
869	0
870	0
871	0
872	0
873	0
874	0
875	0
876	0
877	0
878	0
879	0
880	0
881	0
882	0
883	0
884	0
885	0
886	0
887	0
888	0
889	0
890	0
891	0
892	0
893	0
894	0
895	0
896	0
897	0
898	0
899	0
900	0
901	0
902	0
903	0
904	0
905	0
906	0
907	0
908	0
909	0
910	0
911	0
912	0
913	0
914	0
915	0
916	0
917	0
918	0
919	0
920	0
921	0
922	0
923	0
924	0
925	0
926	0
927	0
928	0
929	0
930	0
931	0
932	0
933	0
934	0
935	0
936	0
937	0
938	0
939	0
940	0
941	0
942	0
943	0
944	0
945	0
946	0
947	0
948	0
949	0
950	0
951	0
952	0
953	0
954	0
