length	RPM
0	0
1	375.349557680934
2	375.850023757842
3	375.921518911686
4	378.423849296226
5	378.638334757758
6	379.067305680822
7	379.067305680822
8	379.138800834666
9	379.138800834666
10	379.710762065418
11	379.710762065418
12	379.782257219262
13	379.782257219262
14	379.782257219262
15	379.782257219262
16	379.353286296198
17	379.281791142354
18	379.21029598851
19	378.709829911602
20	371.774799988735
21	318.939881298029
22	160.14914461053
23	144.706191380229
24	139.558540303462
25	125.331004688509
26	117.681023227202
27	113.963275227315
28	112.676362458123
29	112.390381842747
30	111.246459381244
31	111.103469073556
32	110.81748845818
33	110.81748845818
34	110.81748845818
35	110.745993304336
36	110.10253691974
37	110.10253691974
38	109.244595073612
39	109.244595073612
40	103.310497304561
41	17.8022933071528
42	15.5144483841452
43	12.7261373842297
44	1.50139823072373
45	0.357475769219935
46	0.071495153843987
47	0
48	0
49	0
50	0
51	0
52	0
53	0
54	0
55	0
56	0
57	0
58	0
59	0
60	0
61	0
62	0
63	0
64	0
65	0
66	0.285980615375948
67	0.428970923063922
68	0.428970923063922
69	0.428970923063922
70	0.428970923063922
71	0.428970923063922
72	0.571961230751896
73	0.929436999971831
74	1.0724273076598
75	1.0724273076598
76	7.50699115361863
77	7.79297176899458
78	7.93596207668256
79	8.57941846127844
80	8.7939039228104
81	9.15137969203033
82	9.36586515356229
83	9.50885546125027
84	9.72334092278223
85	9.8663312304702
86	10.4382924612221
87	10.5812827689101
88	11.224739153506
89	11.7252052304139
90	13.0836131534496
91	14.7280016918613
92	16.729865999493
93	17.3018272302449
94	18.4457496917486
95	21.5200413070401
96	49.5461416138834
97	63.4162014596169
98	114.535236458067
99	471.010073524192
100	652.107298211013
101	1155.79065704187
102	1159.5799001956
103	1163.08316273395
104	1164.22708519546
105	1164.51306581083
106	1165.4425028108
107	1165.94296888771
108	1166.44343496462
109	1166.58642527231
110	1166.51493011846
111	1166.58642527231
112	1166.58642527231
113	1166.58642527231
114	1166.58642527231
115	1166.37193981078
116	1151.64393811892
117	1151.35795750354
118	1150.42852050357
119	1149.71356896513
120	1149.4990835036
121	1150.28553019588
122	1149.57057865744
123	1149.92805442666
124	1152.71636542658
125	1152.14440419582
126	1152.64487027273
127	1152.71636542658
128	1152.71636542658
129	1152.50187996504
130	1151.14347204201
131	876.959557050354
132	876.173110358069
133	875.029187896566
134	854.581573897185
135	842.355902589863
136	820.478385513602
137	819.262967898254
138	796.599004129709
139	794.740130129765
140	775.936904668796
141	770.932243899717
142	738.18746343917
143	17.3733223840888
144	8.86539907665439
145	6.43456384595883
146	6.07708807673889
147	6.07708807673889
148	6.07708807673889
149	6.14858323058288
150	6.14858323058288
151	6.14858323058288
152	6.14858323058288
153	6.00559292289491
154	5.79110746136295
155	5.79110746136295
156	5.79110746136295
157	5.79110746136295
158	5.71961230751896
159	5.07615592292308
160	4.79017530754713
161	4.71868015370314
162	4.50419469217118
163	3.43176738451137
164	3.43176738451137
165	2.35934007685157
166	2.28784492300758
167	2.14485461531961
168	2.00186430763164
169	2.00186430763164
170	0.643456384595883
171	0.71495153843987
172	0.71495153843987
173	0.786446692283857
174	0.929436999971831
175	0.857941846127844
176	0.857941846127844
177	0.857941846127844
178	0.857941846127844
179	1.28691276919177
180	1.28691276919177
181	1.28691276919177
182	1.28691276919177
183	1.42990307687974
184	1.42990307687974
185	1.42990307687974
186	1.50139823072373
187	1.50139823072373
188	1.71588369225569
189	1.71588369225569
190	1.78737884609967
191	1.78737884609967
192	1.78737884609967
193	1.78737884609967
194	1.78737884609967
195	1.78737884609967
196	1.78737884609967
197	1.57289338456771
198	1.35840792303575
199	1.35840792303575
200	1.35840792303575
201	1.35840792303575
202	1.35840792303575
203	1.35840792303575
204	1.35840792303575
205	1.35840792303575
206	1.35840792303575
207	1.28691276919177
208	1.28691276919177
209	1.28691276919177
210	1.21541761534778
211	1.21541761534778
212	1.21541761534778
213	0.857941846127844
214	0.929436999971831
215	0.929436999971831
216	0.71495153843987
217	0.428970923063922
218	0.857941846127844
219	0.857941846127844
220	0.857941846127844
221	0.857941846127844
222	1.00093215381582
223	1.00093215381582
224	1.00093215381582
225	1.14392246150379
226	1.6443885384117
227	1.6443885384117
228	4.21821407679523
229	4.21821407679523
230	4.21821407679523
231	4.21821407679523
232	4.00372861526327
233	4.00372861526327
234	4.07522376910726
235	4.07522376910726
236	4.07522376910726
237	4.07522376910726
238	4.36120438448321
239	4.57568984601517
240	5.00466076907909
241	5.00466076907909
242	5.07615592292308
243	5.00466076907909
244	5.36213653829902
245	5.57662199983098
246	5.79110746136295
247	4.9331656152351
248	5.36213653829902
249	5.29064138445504
250	5.21914623061105
251	4.9331656152351
252	4.14671892295125
253	4.07522376910726
254	4.07522376910726
255	3.8607383075753
256	3.8607383075753
257	3.8607383075753
258	3.8607383075753
259	3.78924315373131
260	3.8607383075753
261	3.8607383075753
262	3.8607383075753
263	3.93223346141928
264	4.00372861526327
265	4.14671892295125
266	4.00372861526327
267	4.00372861526327
268	4.50419469217118
269	4.79017530754713
270	4.86167046139111
271	5.07615592292308
272	6.72054446133478
273	7.1495153843987
274	7.57848630746262
275	7.93596207668255
276	8.15044753821452
277	8.29343784590249
278	6.14858323058288
279	6.79203961517876
280	6.93502992286674
281	6.93502992286674
282	7.00652507671072
283	7.00652507671072
284	7.00652507671072
285	7.00652507671072
286	7.07802023055471
287	7.79297176899458
288	9.72334092278223
289	11.6537100765699
290	12.2256713073218
291	12.3686616150097
292	12.3686616150097
293	12.2971664611658
294	12.5116519226977
295	12.5831470765417
296	12.0826809996338
297	12.3686616150097
298	12.7976325380737
299	13.1551083072936
300	11.5822149227259
301	12.0111858457898
302	12.5116519226977
303	12.9406228457616
304	11.2962343073499
305	11.8681955381018
306	11.9396906919458
307	11.081748845818
308	11.153243999662
309	11.224739153506
310	12.0111858457898
311	12.2256713073218
312	12.0111858457898
313	12.0826809996338
314	12.1541761534778
315	12.5116519226977
316	12.4401567688537
317	12.4401567688537
318	12.1541761534778
319	11.6537100765699
320	11.6537100765699
321	11.4392246150379
322	9.65184576893824
323	8.7939039228104
324	7.93596207668255
325	7.07802023055471
326	5.07615592292308
327	4.71868015370314
328	4.00372861526327
329	3.43176738451137
330	3.00279646144745
331	3.00279646144745
332	2.64532069222752
333	2.64532069222752
334	2.93130130760347
335	3.36027223066739
336	3.43176738451137
337	3.43176738451137
338	3.36027223066739
339	3.36027223066739
340	3.36027223066739
341	3.36027223066739
342	3.2887770768234
343	3.2887770768234
344	3.50326253835536
345	3.50326253835536
346	3.50326253835536
347	3.21728192297941
348	2.07335946147562
349	1.21541761534778
350	0.643456384595883
351	0.571961230751896
352	0.571961230751896
353	0.571961230751896
354	0.571961230751896
355	0.571961230751896
356	0.571961230751896
357	0.571961230751896
358	0.571961230751896
359	0.571961230751896
360	0.500466076907909
361	0.214485461531961
362	0
363	0
364	0
365	0
366	0
367	0
368	0
369	0
370	0
371	0
372	0
373	0
374	0
375	0
376	0
377	0
378	0
379	0
380	0
381	0
382	0
383	0
384	0
385	0
386	0
387	0
388	0
389	0
390	0
391	0
392	0
393	0
394	0
395	0
396	0
397	0
398	0
399	0
400	0
401	0
402	0
403	0
404	0
405	0
406	0
407	0
408	0
409	0
410	0
411	0
412	0.071495153843987
413	0.071495153843987
414	0.071495153843987
415	0.071495153843987
416	0.071495153843987
417	0.071495153843987
418	0.071495153843987
419	0.071495153843987
420	0.071495153843987
421	0.071495153843987
422	0.071495153843987
423	0.071495153843987
424	0.071495153843987
425	0.071495153843987
426	0.071495153843987
427	0.071495153843987
428	0.071495153843987
429	0.214485461531961
430	0.285980615375948
431	0.285980615375948
432	0.285980615375948
433	0.285980615375948
434	0.285980615375948
435	0.929436999971831
436	2.71681584607151
437	5.43363169214301
438	6.50605899980282
439	8.50792330743445
440	11.153243999662
441	20.5191091532243
442	29.0270324606587
443	29.6704888452546
444	31.6723531528862
445	32.3158095374821
446	32.6732853067021
447	34.6751496143338
448	35.6045866143057
449	35.6760817681497
450	35.6760817681497
451	35.6760817681497
452	35.6760817681497
453	35.5330914604617
454	35.6045866143057
455	35.6045866143057
456	34.1031883835819
457	33.8887029220499
458	33.53122715283
459	33.459731998986
460	33.245246537454
461	31.6723531528862
462	30.3854403836945
463	27.454139076091
464	24.6658280761755
465	23.3074201531398
466	20.3761188455363
467	18.5887399994366
468	17.9452836148407
469	17.2303320764009
470	15.8719241533651
471	12.7976325380737
472	10.93875853813
473	10.1523118458462
474	7.50699115361863
475	6.36306869211484
476	6.14858323058288
477	5.505126845987
478	5.505126845987
479	5.29064138445504
480	4.50419469217118
481	3.93223346141928
482	3.71774799988732
483	3.14578676913543
484	2.71681584607151
485	2.43083523069556
486	2.14485461531961
487	2.14485461531961
488	0.929436999971831
489	0.786446692283857
490	0.786446692283857
491	0.142990307687974
492	0.214485461531961
493	0.214485461531961
494	0.214485461531961
495	0.214485461531961
496	0.214485461531961
497	0.214485461531961
498	0.285980615375948
499	0.71495153843987
500	1.21541761534778
501	1.21541761534778
502	1.21541761534778
503	1.21541761534778
504	1.50139823072373
505	1.85887399994366
506	1.85887399994366
507	2.14485461531961
508	2.2163497691636
509	2.2163497691636
510	2.2163497691636
511	2.2163497691636
512	2.2163497691636
513	2.2163497691636
514	2.2163497691636
515	2.2163497691636
516	2.2163497691636
517	2.2163497691636
518	2.14485461531961
519	2.14485461531961
520	2.00186430763164
521	1.93036915378765
522	1.93036915378765
523	1.93036915378765
524	0.929436999971831
525	0.929436999971831
526	0.929436999971831
527	0.285980615375948
528	0.285980615375948
529	0.285980615375948
530	0.071495153843987
531	0.071495153843987
532	0.071495153843987
533	0.071495153843987
534	0.071495153843987
535	0.071495153843987
536	0.071495153843987
537	0.071495153843987
538	0.071495153843987
539	0.071495153843987
540	0.071495153843987
541	0.071495153843987
542	0.071495153843987
543	0.071495153843987
544	0.071495153843987
545	0
546	0
547	0
548	0
549	0
550	0
551	0
552	0
553	0
554	0.071495153843987
555	0.071495153843987
556	0.071495153843987
557	0.071495153843987
558	0.142990307687974
559	0.357475769219935
560	0.500466076907909
561	1.0724273076598
562	4.43269953832719
563	5.64811715367497
564	5.71961230751896
565	5.71961230751896
566	6.14858323058288
567	7.86446692283857
568	8.15044753821452
569	12.4401567688537
570	14.4420210764854
571	14.5135162303294
572	14.5135162303294
573	14.5135162303294
574	14.5135162303294
575	14.5135162303294
576	14.5850113841733
577	14.5850113841733
578	14.6565065380173
579	14.6565065380173
580	14.7280016918613
581	14.7280016918613
582	14.7280016918613
583	14.7280016918613
584	14.7994968457053
585	14.7994968457053
586	14.7994968457053
587	14.7994968457053
588	14.7994968457053
589	14.7994968457053
590	14.7994968457053
591	14.7994968457053
592	14.7280016918613
593	14.7280016918613
594	14.7280016918613
595	14.7280016918613
596	14.7280016918613
597	14.7280016918613
598	14.6565065380173
599	14.6565065380173
600	14.5850113841733
601	14.5850113841733
602	0.285980615375948
603	0.142990307687974
604	0.142990307687974
605	0.142990307687974
606	0.142990307687974
607	0.142990307687974
608	0.071495153843987
609	0.071495153843987
610	0.071495153843987
611	0.071495153843987
612	0.142990307687974
613	0.285980615375948
614	0.285980615375948
615	0.285980615375948
616	0.285980615375948
617	0.285980615375948
618	0.285980615375948
619	0.357475769219935
620	0.428970923063922
621	0.500466076907909
622	0.643456384595883
623	0.929436999971831
624	1.50139823072373
625	2.00186430763164
626	2.35934007685157
627	2.64532069222752
628	2.64532069222752
629	2.85980615375948
630	2.85980615375948
631	2.85980615375948
632	2.85980615375948
633	2.85980615375948
634	3.07429161529144
635	3.07429161529144
636	3.07429161529144
637	3.07429161529144
638	3.14578676913543
639	3.14578676913543
640	3.14578676913543
641	3.14578676913543
642	3.14578676913543
643	3.14578676913543
644	3.14578676913543
645	3.14578676913543
646	3.14578676913543
647	3.14578676913543
648	3.07429161529144
649	3.07429161529144
650	3.07429161529144
651	3.14578676913543
652	2.85980615375948
653	2.85980615375948
654	2.85980615375948
655	0.786446692283857
656	0.786446692283857
657	0.786446692283857
658	0.786446692283857
659	0.71495153843987
660	1.14392246150379
661	1.21541761534778
662	1.42990307687974
663	2.71681584607151
664	10.1523118458462
665	18.8032254609686
666	18.9462157686566
667	19.0892060763445
668	19.1607012301885
669	19.3036915378765
670	19.5896721532524
671	19.6611673070964
672	19.8041576147844
673	19.8041576147844
674	19.8041576147844
675	19.8041576147844
676	19.7326624609404
677	19.7326624609404
678	19.7326624609404
679	20.2331285378483
680	20.6620994609122
681	20.7335946147562
682	21.0195752301322
683	21.5200413070401
684	22.6639637685439
685	23.2359249992958
686	23.3789153069837
687	23.3789153069837
688	23.4504104608277
689	23.5934007685157
690	23.2359249992958
691	23.5934007685157
692	34.2461786912699
693	33.8172077682059
694	33.459731998986
695	32.5302949990141
696	29.4560033837226
697	28.5980615375948
698	22.6639637685439
699	22.3064879993239
700	22.3064879993239
701	22.23499284548
702	22.092002537792
703	22.020507383948
704	22.020507383948
705	22.020507383948
706	22.020507383948
707	21.87751707626
708	22.092002537792
709	22.3779831531679
710	23.3074201531398
711	23.8793813838917
712	25.8097505376793
713	26.5961972299632
714	205.405576993774
715	218.203209531848
716	219.490122301039
717	219.490122301039
718	219.490122301039
719	219.490122301039
720	213.627519685833
721	208.479868609066
722	208.408373455222
723	204.97660607071
724	204.690625455334
725	204.547635147646
726	204.118664224582
727	202.903246609235
728	201.544838686199
729	201.544838686199
730	184.17151630211
731	184.17151630211
732	184.17151630211
733	183.45656476367
734	182.527127763699
735	182.455632609855
736	180.096292533003
737	179.452836148407
738	172.51780622554
739	10.93875853813
740	9.79483607662622
741	5.57662199983098
742	5.21914623061105
743	5.21914623061105
744	63.2017159980848
745	74.6409406131223
746	79.2881256129815
747	84.5787669974365
748	93.4441660740908
749	98.09135107395
750	99.5927493046737
751	99.9502250738937
752	100.093215381582
753	100.093215381582
754	100.379195996958
755	100.23620568927
756	100.23620568927
757	100.379195996958
758	100.665176612334
759	100.808166920022
760	100.95115722771
761	101.165642689241
762	101.237137843085
763	101.237137843085
764	101.165642689241
765	101.308632996929
766	101.308632996929
767	94.3736030740627
768	91.5852920741472
769	91.0848259972393
770	85.2937185358764
771	85.0077379205004
772	85.7941846127843
773	84.2927863820606
774	84.0068057666846
775	84.3642815359046
776	56.4096763829061
777	32.2443143836381
778	31.1718870759783
779	29.7419839990986
780	29.6704888452546
781	28.2405857683749
782	24.5228377684875
783	24.5943329223315
784	24.1653619992676
785	24.0938668454236
786	24.2368571531116
787	24.2368571531116
788	23.8793813838917
789	24.1653619992676
790	24.3083523069556
791	24.5228377684875
792	24.3083523069556
793	24.6658280761755
794	25.0233038453954
795	5.07615592292308
796	8.65091361512243
797	14.5135162303294
798	18.0167787686847
799	21.4485461531961
800	22.5924686146999
801	24.2368571531116
802	25.8812456915233
803	27.0966633068711
804	28.5980615375948
805	29.4560033837226
806	30.0279646144745
807	31.1003919221343
808	31.6723531528862
809	32.4587998451701
810	32.8877707682341
811	33.53122715283
812	34.8896350758658
813	35.8905672296817
814	36.3195381527456
815	36.0335575373696
816	36.1765478450576
817	36.1765478450576
818	36.1765478450576
819	36.2480429989016
820	36.2480429989016
821	35.8190720758377
822	35.4615963066177
823	34.8896350758658
824	34.8181399220218
825	35.2471108450857
826	36.6055187681216
827	47.1153063831879
828	46.686335460124
829	52.548938075331
830	53.1923944599268
831	53.9788411522107
832	55.1227636137145
833	56.2666860752183
834	55.0512684598705
835	54.8367829983385
836	54.3363169214306
837	33.102256229766
838	32.1728192297942
839	29.5274985375666
840	29.1700227683467
841	28.5980615375948
842	28.3120809222188
843	27.525634229935
844	27.0251681530271
845	26.1672263068992
846	26.0957311530553
847	24.5228377684875
848	24.2368571531116
849	24.2368571531116
850	24.2368571531116
851	24.0938668454236
852	23.7363910762037
853	3.14578676913543
854	2.14485461531961
855	2.14485461531961
856	1.71588369225569
857	1.71588369225569
858	1.71588369225569
859	1.71588369225569
860	1.71588369225569
861	1.71588369225569
862	1.42990307687974
863	1.42990307687974
864	1.35840792303575
865	0.142990307687974
866	0.071495153843987
867	0.071495153843987
868	0
869	0
870	0
871	0
872	0
873	0
874	0
875	0
876	0
877	0
878	0
879	0
880	0
881	0
882	0
883	0
884	0
885	0
886	0
887	0
888	0
889	0
890	0
891	0
892	0
893	0.285980615375948
894	1.21541761534778
895	1.35840792303575
896	1.35840792303575
897	1.50139823072373
898	1.57289338456771
899	1.57289338456771
900	1.78737884609967
901	1.78737884609967
902	1.85887399994366
903	2.43083523069556
904	3.14578676913543
905	3.2887770768234
906	3.64625284604334
907	3.71774799988732
908	4.00372861526327
909	4.50419469217118
910	4.79017530754713
911	4.79017530754713
912	4.79017530754713
913	4.79017530754713
914	4.79017530754713
915	4.79017530754713
916	4.79017530754713
917	4.79017530754713
918	4.79017530754713
919	4.57568984601517
920	4.57568984601517
921	4.43269953832719
922	4.43269953832719
923	4.36120438448321
924	4.36120438448321
925	4.36120438448321
926	4.07522376910726
927	3.8607383075753
928	3.78924315373131
929	2.28784492300758
930	2.28784492300758
931	2.28784492300758
932	0.285980615375948
933	0.285980615375948
934	0.285980615375948
935	0.285980615375948
936	0.285980615375948
937	0.285980615375948
938	0.214485461531961
939	0.214485461531961
940	0.214485461531961
941	0.142990307687974
942	0
943	0
944	0.071495153843987
945	0.071495153843987
946	0.071495153843987
947	0.071495153843987
948	0.214485461531961
949	0.214485461531961
950	0.285980615375948
951	0.285980615375948
952	0.285980615375948
953	0.786446692283857
954	0.929436999971831
955	2.35934007685157
956	4.9331656152351
957	6.29157353827086
958	8.65091361512243
959	22.4494783070119
960	26.4532069222752
961	34.1746835374259
962	38.6788782295972
963	59.3409776905095
964	64.5601239211206
965	64.9175996903405
966	64.9175996903405
967	64.9175996903405
968	64.9175996903405
969	64.9175996903405
970	64.9175996903405
971	65.4180657672484
972	66.1330173056882
973	67.7774058440997
974	69.5647846901992
975	70.1367459209511
976	71.7811344593627
977	73.2110375362425
978	73.6400084593064
979	73.6400084593064
980	73.8544939208384
981	73.5685133054624
982	71.2806683824548
983	20.5191091532243
984	19.9471479224724
985	20.0901382301603
986	20.0186430763164
987	19.9471479224724
988	20.0901382301603
989	19.8041576147844
990	19.3036915378765
991	17.8022933071528
992	16.515380537961
993	13.3695937688256
994	12.2256713073218
995	12.8691276919177
996	12.8691276919177
997	12.8691276919177
998	12.7976325380737
999	12.7976325380737
1000	12.7976325380737
1001	12.7976325380737
1002	12.7261373842297
1003	12.7261373842297
1004	12.5831470765417
1005	12.1541761534778
1006	10.5097876150661
1007	9.29436999971831
1008	9.15137969203033
1009	7.79297176899458
1010	6.5775541536468
1011	5.86260261520693
1012	4.00372861526327
1013	4.07522376910726
1014	4.14671892295125
1015	3.57475769219935
1016	2.35934007685157
1017	1.93036915378765
1018	1.6443885384117
1019	1.6443885384117
1020	1.93036915378765
1021	1.93036915378765
1022	1.93036915378765
1023	2.28784492300758
1024	2.57382553838353
1025	2.64532069222752
1026	2.85980615375948
1027	2.93130130760347
1028	2.93130130760347
1029	3.00279646144745
1030	3.14578676913543
1031	3.43176738451137
1032	4.86167046139111
1033	7.50699115361863
1034	12.2256713073218
1035	28.3120809222188
1036	35.1756156912417
1037	47.6872676139395
1038	53.6213653829904
1039	58.7690164597575
1040	63.6306869211487
1041	64.1311529980566
1042	65.7040463826241
1043	68.7068428440713
1044	70.2797362286391
1045	71.2806683824549
1046	71.9956199208948
1047	72.4960859978027
1048	73.0680472285546
1049	73.9259890746824
1050	76.428319459222
1051	77.5007467668818
1052	80.2890577667973
1053	81.2184947667691
1054	82.3624172282729
1055	86.6521264589121
1056	87.8675440742599
1057	91.8712726895232
1058	96.0894867663184
1059	34.3891689989579
1060	35.1756156912418
1061	35.2471108450857
1062	36.1050526912136
1063	36.0335575373696
1064	35.4615963066177
1065	35.6045866143057
1066	35.5330914604617
1067	35.1756156912418
1068	35.2471108450857
1069	35.2471108450857
1070	41.3956940756689
1071	40.895227998761
1072	40.466257075697
1073	40.466257075697
1074	40.0372861526331
1075	40.0372861526331
1076	40.0372861526331
1077	39.8942958449451
1078	38.3214024603773
1079	37.7494412296254
1080	37.3919654604055
1081	32.8162756143901
1082	23.1644298454518
1083	13.0836131534496
1084	12.5116519226977
1085	12.4401567688537
1086	12.0826809996338
1087	11.6537100765699
1088	11.010253691974
1089	10.867263384286
1090	10.2238069996901
1091	10.0093215381582
1092	9.65184576893824
1093	9.22287484587432
1094	9.22287484587432
1095	9.07988453818635
1096	8.93689423049837
1097	8.50792330743445
1098	8.43642815359046
1099	8.15044753821452
1100	8.15044753821452
1101	8.15044753821452
1102	8.15044753821452
1103	7.00652507671072
1104	6.86353476902275
1105	6.5775541536468
1106	0.357475769219935
1107	0.357475769219935
1108	0.357475769219935
1109	0.142990307687974
1110	0.142990307687974
1111	0.071495153843987
1112	0.071495153843987
1113	0.071495153843987
1114	0.071495153843987
1115	0.071495153843987
1116	0.071495153843987
1117	0.071495153843987
1118	0.071495153843987
1119	0.071495153843987
1120	0.071495153843987
1121	0.071495153843987
1122	0.071495153843987
1123	0.071495153843987
1124	0.071495153843987
1125	0.071495153843987
1126	0.214485461531961
1127	0.285980615375948
1128	0.285980615375948
1129	0.285980615375948
1130	0.357475769219935
1131	0.786446692283857
1132	1.42990307687974
1133	2.57382553838353
1134	4.14671892295125
1135	5.14765107676706
1136	6.72054446133478
1137	7.50699115361863
1138	8.7939039228104
1139	10.795768230442
1140	11.224739153506
1141	13.5125840765135
1142	14.7280016918613
1143	16.372390230273
1144	18.4457496917486
1145	19.6611673070964
1146	21.3770509993521
1147	22.23499284548
1148	23.6648959223597
1149	25.4522747684594
1150	27.239653614559
1151	28.1690906145309
1152	29.0985276145027
1153	30.5999258452264
1154	32.4587998451701
1155	32.4587998451701
1156	32.4587998451701
1157	32.5302949990141
1158	32.5302949990141
1159	32.5302949990141
1160	32.6732853067021
1161	33.030761075922
1162	32.8162756143901
1163	31.3148773836663
1164	29.8134791529426
1165	27.668624537623
1166	27.382643922247
1167	24.5943329223315
1168	19.6611673070964
1169	18.3027593840607
1170	13.3695937688256
1171	7.00652507671072
1172	6.29157353827085
1173	5.79110746136295
1174	5.505126845987
1175	5.00466076907909
1176	4.36120438448321
1177	3.07429161529144
1178	2.93130130760347
1179	2.93130130760347
1180	2.85980615375948
1181	2.85980615375948
1182	2.43083523069556
1183	2.50233038453954
1184	6.5775541536468
1185	6.43456384595883
1186	6.43456384595883
1187	6.43456384595883
1188	6.43456384595883
1189	6.36306869211484
1190	5.505126845987
1191	5.505126845987
1192	5.29064138445504
1193	5.00466076907909
1194	5.00466076907909
1195	5.00466076907909
1196	5.00466076907909
1197	4.9331656152351
1198	4.9331656152351
1199	4.9331656152351
1200	4.9331656152351
1201	4.9331656152351
1202	4.9331656152351
1203	4.9331656152351
1204	4.14671892295125
1205	4.14671892295125
1206	4.00372861526327
1207	4.00372861526327
1208	4.00372861526327
1209	3.71774799988732
1210	3.43176738451138
1211	3.43176738451138
1212	2.85980615375948
1213	2.64532069222752
1214	2.64532069222752
1215	2.50233038453954
1216	2.50233038453954
1217	2.50233038453954
1218	2.50233038453954
1219	2.50233038453954
1220	2.50233038453954
1221	2.43083523069556
1222	2.28784492300758
1223	2.28784492300758
1224	2.28784492300758
1225	2.14485461531961
1226	2.43083523069556
1227	3.00279646144745
1228	2.93130130760347
1229	3.57475769219935
1230	4.71868015370314
1231	5.36213653829902
1232	6.29157353827085
1233	14.2990307687974
1234	14.3705259226414
1235	14.4420210764854
1236	14.4420210764854
1237	14.5135162303294
1238	15.4429532303012
1239	15.8004289995211
1240	16.229399922585
1241	17.0158466148689
1242	17.0873417687129
1243	17.1588369225569
1244	17.4448175379328
1245	18.5172448455926
1246	20.5906043070683
1247	21.734526768572
1248	22.8784492300758
1249	23.7363910762037
1250	27.525634229935
1251	29.5274985375666
1252	34.1746835374259
1253	37.8209363834694
1254	41.3956940756689
1255	41.8246649987328
1256	42.1106456141088
1257	42.3966262294847
1258	43.1115777679246
1259	46.61484030628
1260	48.6167046139116
1261	50.6185689215433
1262	52.763423536863
1263	53.1923944599269
1264	53.1923944599269
1265	53.1923944599269
1266	52.9779089983949
1267	52.691928383019
1268	52.620433229175
1269	47.4012869985638
1270	46.25736453706
1271	45.5424129986202
1272	43.5405486909885
1273	36.6055187681216
1274	35.5330914604617
1275	32.7447804605461
1276	32.4587998451701
1277	32.1013240759502
1278	31.8153434605742
1279	30.4569355375385
1280	29.9564694606305
1281	28.5265663837508
1282	27.8116148453109
1283	26.1672263068992
1284	22.5924686146999
1285	21.5915364608841
1286	18.0167787686847
1287	17.9452836148407
1288	13.5125840765135
1289	5.64811715367497
1290	5.21914623061105
1291	3.64625284604334
1292	2.14485461531961
1293	1.35840792303575
1294	0.929436999971831
1295	0.786446692283857
1296	0.428970923063922
1297	0.357475769219935
1298	0.214485461531961
1299	0
1300	0
1301	0
1302	0
1303	0
1304	0
1305	0
1306	0
1307	0
1308	0
1309	0
1310	0
1311	0
1312	0
1313	0.071495153843987
1314	0.500466076907909
1315	0.500466076907909
1316	0.500466076907909
1317	0.500466076907909
1318	0.571961230751896
1319	1.50139823072373
1320	1.71588369225569
1321	2.07335946147562
1322	20.1616333840043
1323	45.54241299862
1324	47.0438112293437
1325	47.8302579216276
1326	48.2592288446915
1327	53.1208993060827
1328	55.1227636137143
1329	56.767152152126
1330	59.5554631520416
1331	59.9129389212615
1332	60.1989195366375
1333	60.2704146904814
1334	60.4134049981694
1335	60.4134049981694
1336	60.6278904597014
1337	61.0568613827653
1338	61.4858323058292
1339	61.7718129212052
1340	62.4867644596451
1341	62.7012499211771
1342	95.1600497663467
1343	96.8044383047583
1344	97.0189237662903
1345	97.1619140739783
1346	97.6623801508862
1347	97.5908849970422
1348	98.3058365354821
1349	98.1628462277941
1350	98.1628462277941
1351	97.8768656124182
1352	96.0894867663185
1353	95.8750013047865
1354	93.086690304871
1355	87.796048920416
1356	87.581563458884
1357	87.581563458884
1358	81.0755044590812
1359	78.5731740745417
1360	78.6446692283857
1361	79.7170965360455
1362	79.4311159206696
1363	77.6437370745699
1364	76.6428049207541
1365	75.8563582284702
1366	60.9853662289213
1367	15.4429532303012
1368	13.6555743842015
1369	12.6546422303857
1370	12.2256713073218
1371	12.2256713073218
1372	12.2256713073218
1373	10.93875853813
1374	9.07988453818635
1375	8.57941846127844
1376	8.72240876896641
1377	8.15044753821452
1378	7.86446692283857
1379	7.86446692283857
1380	7.36400084593066
1381	7.00652507671072
1382	6.14858323058288
1383	5.505126845987
1384	5.07615592292308
1385	3.57475769219935
1386	3.43176738451137
1387	3.43176738451137
1388	3.50326253835536
1389	3.43176738451137
1390	3.50326253835536
1391	3.43176738451137
1392	3.57475769219935
1393	4.43269953832719
1394	4.36120438448321
1395	4.50419469217118
1396	4.57568984601517
1397	4.07522376910726
1398	4.57568984601517
1399	4.71868015370314
1400	5.07615592292308
1401	5.505126845987
1402	5.57662199983098
1403	6.00559292289491
1404	8.36493299974648
1405	12.5831470765417
1406	17.0158466148689
1407	46.9008209216558
1408	85.5082039974083
1409	96.8759334586023
1410	98.0198559201061
1411	98.591817150858
1412	99.1637783816099
1413	99.1637783816099
1414	99.4497589969858
1415	99.6642444585178
1416	99.6642444585178
1417	99.6642444585178
1418	98.9492929200779
1419	98.9492929200779
1420	98.663312304702
1421	97.3763995355102
1422	97.3763995355102
1423	94.0161273048428
1424	94.0161273048428
1425	93.9446321509988
1426	94.0876224586868
1427	93.8016418433108
1428	93.1581854587149
1429	93.2296806125589
1430	93.3011757664029
1431	93.5871563817788
1432	93.7301466894668
1433	94.3021079202187
1434	94.7310788432826
1435	94.8740691509706
1436	95.5175255355665
1437	95.8750013047864
1438	92.657719381807
1439	92.729214535651
1440	92.729214535651
1441	92.657719381807
1442	92.0857581510551
1443	76.7143000745978
1444	68.9213283056035
1445	54.6937926906505
1446	50.9760446907631
1447	35.5330914604617
1448	21.806021922416
1449	15.4429532303012
1450	5.43363169214301
1451	3.57475769219935
1452	3.57475769219935
1453	3.00279646144745
1454	2.78831099991549
1455	2.85980615375948
1456	2.71681584607151
1457	2.71681584607151
1458	2.71681584607151
1459	2.43083523069556
1460	2.2163497691636
1461	2.07335946147562
1462	2.07335946147562
1463	1.71588369225569
1464	1.50139823072373
1465	1.50139823072373
1466	4.14671892295125
1467	4.86167046139111
1468	5.505126845987
1469	6.07708807673889
1470	8.2219426920585
1471	8.7939039228104
1472	8.86539907665439
1473	9.29436999971831
1474	9.43736030740628
1475	9.43736030740628
1476	9.22287484587432
1477	9.36586515356229
1478	10.2238069996901
1479	10.2238069996901
1480	10.2238069996901
1481	10.2238069996901
1482	10.2238069996901
1483	10.0093215381582
1484	9.22287484587432
1485	9.22287484587432
1486	4.28970923063922
1487	4.14671892295125
1488	4.14671892295125
1489	4.14671892295125
1490	4.14671892295125
1491	4.14671892295125
1492	4.00372861526327
1493	4.00372861526327
1494	4.00372861526327
1495	4.00372861526327
1496	4.00372861526327
1497	4.07522376910726
1498	2.78831099991549
1499	2.64532069222752
1500	2.64532069222752
1501	2.2163497691636
1502	2.14485461531961
1503	2.07335946147562
1504	2.28784492300758
1505	2.43083523069556
1506	2.43083523069556
1507	2.43083523069556
1508	2.85980615375948
1509	3.57475769219935
1510	3.71774799988732
1511	4.14671892295125
1512	4.07522376910726
1513	3.93223346141928
1514	3.93223346141928
1515	3.93223346141928
1516	3.93223346141928
1517	3.93223346141928
1518	3.07429161529144
1519	3.07429161529144
1520	3.07429161529144
1521	3.00279646144745
1522	2.57382553838353
1523	2.57382553838353
1524	2.43083523069556
1525	2.43083523069556
1526	2.43083523069556
1527	2.43083523069556
1528	2.43083523069556
1529	2.43083523069556
1530	2.43083523069556
1531	2.43083523069556
1532	2.35934007685157
1533	2.35934007685157
1534	2.35934007685157
1535	2.28784492300758
1536	2.2163497691636
1537	2.2163497691636
1538	2.78831099991549
1539	2.93130130760347
1540	2.71681584607151
1541	2.78831099991549
1542	2.93130130760347
1543	2.85980615375948
1544	2.85980615375948
1545	2.85980615375948
1546	3.00279646144745
1547	2.71681584607151
1548	2.57382553838353
1549	2.50233038453954
1550	2.78831099991549
1551	3.50326253835536
1552	3.21728192297941
1553	5.00466076907909
1554	7.93596207668255
1555	15.8719241533651
1556	16.372390230273
1557	16.372390230273
1558	16.372390230273
1559	16.372390230273
1560	16.372390230273
1561	16.372390230273
1562	20.2331285378483
1563	21.2340606916641
1564	21.734526768572
1565	21.734526768572
1566	21.734526768572
1567	21.734526768572
1568	21.6630316147281
1569	21.6630316147281
1570	21.6630316147281
1571	21.3770509993521
1572	20.7335946147562
1573	18.9462157686566
1574	18.6602351532806
1575	18.0882739225287
1576	18.0167787686847
1577	17.9452836148407
1578	17.9452836148407
1579	17.9452836148407
1580	17.9452836148407
1581	17.8022933071528
1582	17.8022933071528
1583	0
