length	RPM
0	0
1	0
2	0
3	0
4	0
5	0
6	0
7	0
8	0
9	0
10	0
11	0
12	0
13	0
14	0
15	0
16	0
17	0
18	0
19	0
20	0
21	0
22	0
23	0
24	0
25	0
26	0
27	0
28	0
29	0
30	0
31	0
32	0
33	0
34	0
35	0
36	0
37	0
38	0
39	0
40	0
41	0
42	0
43	0
44	0
45	0
46	0
47	0
48	0
49	0
50	0
51	0
52	0
53	0
54	0
55	0
56	0
57	0
58	0
59	0
60	0
61	0
62	0
63	0
64	0
65	0
66	0
67	0
68	0
69	0
70	0
71	0
72	0
73	0
74	0
75	0
76	0
77	0
78	0
79	0
80	0
81	0
82	0
83	0
84	0
85	0
86	0
87	0.390358732648847
88	0.390358732648847
89	0.390358732648847
90	0.390358732648847
91	0.624573972238155
92	0.624573972238155
93	0.624573972238155
94	0.624573972238155
95	0.624573972238155
96	0.624573972238155
97	0.624573972238155
98	0.624573972238155
99	0.624573972238155
100	0.624573972238155
101	0.624573972238155
102	0.624573972238155
103	0.624573972238155
104	0.624573972238155
105	0.624573972238155
106	0.624573972238155
107	0.624573972238155
108	0.624573972238155
109	0.624573972238155
110	0.624573972238155
111	0.624573972238155
112	0.624573972238155
113	0.624573972238155
114	0.624573972238155
115	0.624573972238155
116	0.624573972238155
117	0.624573972238155
118	0.624573972238155
119	0.624573972238155
120	0.624573972238155
121	0.624573972238155
122	0.624573972238155
123	0.390358732648847
124	0
125	0
126	0
127	0
128	0
129	0
130	0
131	0
132	0
133	0
134	0
135	0
136	0
137	0
138	0
139	0
140	0
141	0
142	0
143	0
144	0
145	0
146	0
147	0
148	0
149	0
150	0
151	0
152	0
153	0
154	0
155	0
156	0
157	0
158	0
159	0
160	0
161	0
162	0
163	0
164	0
165	0
166	0
167	0
168	0
169	0
170	0
171	0
172	0
173	0
174	0
175	0
176	0
177	0
178	0
179	0
180	0
181	0
182	0
183	0
184	0
185	0
186	0
187	0
188	0
189	0
190	0
191	0
192	0
193	0
194	0
195	0
196	0
197	0
198	0
199	0
200	0
201	0
202	0
203	0
204	0
205	0
206	0
207	0
208	0
209	0
210	0
211	0
212	0
213	0
214	0
215	0
216	0
217	0
218	0
219	0
220	0
221	0
222	0
223	0
224	0.390358732648847
225	0.390358732648847
226	0.390358732648847
227	0.390358732648847
228	0.390358732648847
229	0.390358732648847
230	0.390358732648847
231	0.390358732648847
232	0.390358732648847
233	0.390358732648847
234	0.390358732648847
235	0.390358732648847
236	0.390358732648847
237	0.390358732648847
238	0.390358732648847
239	0.390358732648847
240	0.390358732648847
241	0.390358732648847
242	0.390358732648847
243	0.390358732648847
244	0.390358732648847
245	0.468430479178617
246	0.624573972238155
247	0.624573972238155
248	0.624573972238155
249	0.624573972238155
250	0.624573972238155
251	0.624573972238155
252	0.624573972238155
253	0.624573972238155
254	0.624573972238155
255	0.624573972238155
256	0.624573972238155
257	0.624573972238155
258	0.234215239589308
259	0.234215239589308
260	0.234215239589308
261	0.234215239589308
262	0.234215239589308
263	0.234215239589308
264	0.234215239589308
265	0.234215239589308
266	0.234215239589308
267	0.234215239589308
268	0.234215239589308
269	0.234215239589308
270	0.234215239589308
271	0
272	0
273	0
274	0
275	0
276	0.234215239589308
277	0.234215239589308
278	0.234215239589308
279	0.234215239589308
280	0.234215239589308
281	0.234215239589308
282	0.234215239589308
283	0.234215239589308
284	0.234215239589308
285	0.234215239589308
286	0.234215239589308
287	0.234215239589308
288	0.234215239589308
289	0.234215239589308
290	0.234215239589308
291	0
292	0
293	0
294	0
295	0
296	0
297	0
298	0
299	0
300	0
301	0
302	0
303	0
304	0
305	0
306	0
307	0
308	0
309	0
310	0
311	0
312	0
313	0
314	0
315	0
316	0
317	0
318	0
319	0
320	0
321	0
322	0
323	0
324	0
325	0
326	0
327	0
328	0
329	0
330	0
331	0
332	0
333	0
334	0
335	0
336	0
337	0
338	0
339	0
340	0
341	0
342	0
343	0
344	0
345	0
346	0
347	0
348	0
349	0
350	0
351	0
352	0
353	0
354	0
355	0
356	0
357	0
358	0
359	0
360	0
361	0
362	0
363	0
364	0
365	0
366	0
367	0
368	0
369	0
370	0
371	0
372	0
373	0
374	0
375	0.0780717465297694
376	0.0780717465297694
377	0.0780717465297694
378	0.0780717465297694
379	0.0780717465297694
380	0.0780717465297694
381	0.0780717465297694
382	0.0780717465297694
383	0.0780717465297694
384	0.0780717465297694
385	0.0780717465297694
386	0.0780717465297694
387	0.0780717465297694
388	0.0780717465297694
389	0.0780717465297694
390	0.0780717465297694
391	0.0780717465297694
392	0.0780717465297694
393	0.0780717465297694
394	0.156143493059539
395	0.156143493059539
396	0.156143493059539
397	0.156143493059539
398	0.156143493059539
399	0.156143493059539
400	0.156143493059539
401	0.156143493059539
402	0.156143493059539
403	0.156143493059539
404	0.0780717465297694
405	0.0780717465297694
406	0.0780717465297694
407	0.0780717465297694
408	0.0780717465297694
409	0.0780717465297694
410	0.0780717465297694
411	0.0780717465297694
412	0.0780717465297694
413	0.0780717465297694
414	0.0780717465297694
415	0.0780717465297694
416	0.0780717465297694
417	0.0780717465297694
418	0.0780717465297694
419	0.0780717465297694
420	0.0780717465297694
421	0.0780717465297694
422	0.0780717465297694
423	0.0780717465297694
424	0.0780717465297694
425	0
426	0
427	0
428	0
429	0
430	0
431	0
432	0
433	0
434	0
435	0
436	0
437	0
438	0
439	0
440	0
441	0
442	0
443	0
444	0
445	0
446	0
447	0
448	0
449	0
450	0
451	0
452	0
453	0
454	0
455	0
456	0
457	0
458	0
459	0
460	0
461	0
462	0
463	0
464	0
465	0
466	0
467	0
468	0
469	0
470	0
471	0
472	0
473	0
474	0
475	0
476	0
477	0
478	0
479	0
480	0
481	0
482	0
483	0
484	0
485	0
486	0
487	0
488	0
489	0
490	0
491	0
492	0
493	0
494	0
495	0
496	0
497	0
498	0
499	0
500	0
501	0
502	0
503	0.0780717465297694
504	0.0780717465297694
505	0.0780717465297694
506	0.0780717465297694
507	0.390358732648847
508	0.390358732648847
509	0.624573972238155
510	0.624573972238155
511	0.624573972238155
512	4.91852003137547
513	4.91852003137547
514	4.91852003137547
515	5.15273527096478
516	5.23080701749455
517	5.85538098973271
518	6.24573972238155
519	10.0712553023403
520	10.0712553023403
521	10.0712553023403
522	10.0712553023403
523	10.0712553023403
524	10.0712553023403
525	10.0712553023403
526	10.0712553023403
527	9.91511180928071
528	9.91511180928071
529	9.91511180928071
530	9.91511180928071
531	9.91511180928071
532	9.83704006275095
533	7.26067242726856
534	0.234215239589308
535	0.0780717465297694
536	0.0780717465297694
537	0
538	0
539	1.87372191671447
540	1.87372191671447
541	8.66596386480441
542	9.21246609051279
543	9.4466813301021
544	9.60282482316164
545	9.68089656969141
546	9.75896831622117
547	9.75896831622117
548	9.75896831622117
549	9.99318355581048
550	10.14932704887
551	10.2273987953998
552	10.2273987953998
553	10.2273987953998
554	10.2273987953998
555	10.2273987953998
556	10.2273987953998
557	10.2273987953998
558	10.2273987953998
559	10.14932704887
560	10.14932704887
561	9.6808965696914
562	9.6808965696914
563	9.4466813301021
564	0.624573972238155
565	0.468430479178617
566	0.390358732648847
567	0.390358732648847
568	0.390358732648847
569	0.390358732648847
570	0.390358732648847
571	0.390358732648847
572	0.546502225708386
573	0.468430479178617
574	0.468430479178617
575	0.468430479178617
576	0.468430479178617
577	0.234215239589308
578	0.156143493059539
579	0.156143493059539
580	0.156143493059539
581	0.156143493059539
582	0.156143493059539
583	0.156143493059539
584	0.156143493059539
585	0.156143493059539
586	0.156143493059539
587	0.156143493059539
588	0.156143493059539
589	0.156143493059539
590	0.156143493059539
591	0.156143493059539
592	0.156143493059539
593	0.156143493059539
594	0.156143493059539
595	0.156143493059539
596	0.156143493059539
597	0.156143493059539
598	0.156143493059539
599	0
600	0
601	0
602	0
603	0.156143493059539
604	0.156143493059539
605	0.156143493059539
606	0.156143493059539
607	0.156143493059539
608	0.156143493059539
609	0.156143493059539
610	0.156143493059539
611	0.156143493059539
612	0.156143493059539
613	0.390358732648847
614	0.390358732648847
615	0.390358732648847
616	0.390358732648847
617	0.390358732648847
618	0.390358732648847
619	0.390358732648847
620	0.390358732648847
621	0.390358732648847
622	0.390358732648847
623	0.390358732648847
624	0.390358732648847
625	0.390358732648847
626	0.390358732648847
627	0.390358732648847
628	0.390358732648847
629	0.390358732648847
630	0.390358732648847
631	0.390358732648847
632	0.390358732648847
633	0.390358732648847
634	0.390358732648847
635	0.390358732648847
636	0.312286986119078
637	0
638	0
639	0
640	0
641	0
642	0
643	0
644	0
645	0
646	0
647	0
648	0
649	0
650	0
651	0
652	0
653	0
654	0
655	0
656	0
657	0
658	0
659	0
660	0
661	0
662	0
663	0
664	0
665	0
666	0
667	0
668	0
669	0
670	0.0780717465297694
671	0.0780717465297694
672	0.234215239589308
673	0.234215239589308
674	3.66937208689916
675	7.49488766685786
676	13.3502686565906
677	18.5810756740851
678	22.1723760144545
679	23.3434522124011
680	23.3434522124011
681	24.3583849172881
682	24.3583849172881
683	24.3583849172881
684	25.9978915944132
685	25.9978915944132
686	25.9978915944132
687	25.9978915944132
688	25.9978915944132
689	25.9978915944132
690	25.9978915944132
691	25.9198198478834
692	25.9198198478834
693	25.9198198478834
694	25.7636763548239
695	25.5294611152346
696	25.5294611152346
697	25.5294611152346
698	25.6856046082941
699	0.234215239589308
700	0.234215239589308
701	0.234215239589308
702	0.390358732648847
703	0.390358732648847
704	0.390358732648847
705	0.390358732648847
706	0.390358732648847
707	0.390358732648847
708	0.390358732648847
709	0.390358732648847
710	0.390358732648847
711	0.390358732648847
712	0.390358732648847
713	0.390358732648847
714	0.156143493059539
715	0.156143493059539
716	0.156143493059539
717	0.156143493059539
718	0
719	0
720	0
721	0
722	0
723	0
724	0
725	0
726	0
727	0
728	0
729	0
730	0
731	0
732	0
733	0
734	0
735	0
736	0
737	0
738	0
739	0
740	0
741	0
742	0
743	0
744	0
745	0
746	0
747	0
748	0
749	0
750	0
751	0
752	0
753	0
754	0
755	0
756	0
757	0
758	0
759	0.234215239589308
760	0.234215239589308
761	0.546502225708386
762	0.546502225708386
763	0.546502225708386
764	0.546502225708386
765	0.546502225708386
766	0.546502225708386
767	0.546502225708386
768	0.546502225708386
769	0.546502225708386
770	0.546502225708386
771	0.546502225708386
772	0.546502225708386
773	0.546502225708386
774	0.546502225708386
775	0.546502225708386
776	0.546502225708386
777	0.546502225708386
778	0.546502225708386
779	0.546502225708386
780	0.546502225708386
781	0.546502225708386
782	0.546502225708386
783	0.546502225708386
784	0.546502225708386
785	0.546502225708386
786	0.546502225708386
787	0.546502225708386
788	0.546502225708386
789	0.546502225708386
790	0.546502225708386
791	0.234215239589308
792	0.234215239589308
793	0.780717465297694
794	0.780717465297694
795	0.780717465297694
796	0.702645718767925
797	0.546502225708386
798	0.546502225708386
799	0.546502225708386
800	0.546502225708386
801	0.780717465297694
802	0.780717465297694
803	0.780717465297694
804	0.780717465297694
805	0.780717465297694
806	0.780717465297694
807	0.780717465297694
808	0.780717465297694
809	0.780717465297694
810	0.780717465297694
811	0.780717465297694
812	1.40529143753585
813	1.40529143753585
814	1.40529143753585
815	1.40529143753585
816	1.40529143753585
817	1.40529143753585
818	1.40529143753585
819	1.40529143753585
820	1.40529143753585
821	1.40529143753585
822	1.40529143753585
823	1.40529143753585
824	0.858789211827464
825	0.858789211827464
826	0.858789211827464
827	0.234215239589308
828	0.234215239589308
829	0.312286986119078
830	0.702645718767925
831	2.42022414242285
832	3.04479811466101
833	3.90358732648847
834	4.29394605913732
835	4.8404482848457
836	4.91852003137547
837	5.77730924320293
838	5.77730924320293
839	5.77730924320293
840	5.77730924320293
841	5.77730924320293
842	5.77730924320293
843	5.77730924320293
844	5.77730924320293
845	5.54309400361363
846	4.99659177790524
847	4.45008955219686
848	4.45008955219686
849	4.45008955219686
850	4.45008955219686
851	4.21587431260755
852	4.21587431260755
853	3.59130034036939
854	0.858789211827464
855	0.312286986119078
856	0.156143493059539
857	0.156143493059539
858	0
859	0
860	0
861	0
862	0
863	0
864	0
865	0
866	0
867	0
868	0
869	0
870	0
871	0
872	0
873	0
874	0
875	0
876	0
877	0
878	0
879	0
880	0
881	0
882	0
883	0
884	0
885	0
886	0
887	0
888	0
889	0
890	0
891	0
892	0
893	0
894	0
895	0
896	0
897	0
898	0
899	0
900	0
901	0
902	0
903	0
904	0
905	0
906	0
907	0
908	0
909	0
910	0
911	0
912	0
913	0
914	0
915	0
916	0
917	0
918	0
919	0
920	0
921	0
922	0
923	0
924	0
925	0
926	0
927	0
928	0
929	0
930	0
931	0
932	0
933	0
934	0
935	0
936	0
937	0
938	0
939	0
940	0
941	0
942	0
943	0
944	0
945	0
946	0
947	0
948	0
949	0
950	0
951	0
952	0
953	0
954	0
