length	RPM
0	0
1	0.333700403777489
2	0.333700403777489
3	0.467180565288484
4	0.467180565288484
5	0.467180565288484
6	0.467180565288484
7	0.467180565288484
8	0.467180565288484
9	0.467180565288484
10	0.467180565288484
11	0.467180565288484
12	0.467180565288484
13	0.467180565288484
14	0.467180565288484
15	0.467180565288484
16	0.467180565288484
17	0.467180565288484
18	0
19	0
20	0
21	0
22	0.133480161510995
23	0.266960323021991
24	1.00110121133247
25	1.33480161510995
26	1.60176193813195
27	1.80198218039844
28	1.86872226115394
29	1.93546234190943
30	1.93546234190943
31	2.06894250342043
32	2.20242266493142
33	2.26916274568692
34	2.46938298795342
35	2.46938298795342
36	2.46938298795342
37	2.60286314946441
38	2.66960323021991
39	2.73634331097541
40	3.0033036339974
41	3.07004371475289
42	3.27026395701939
43	3.27026395701939
44	3.60396436079687
45	2.20242266493142
46	2.66960323021991
47	2.66960323021991
48	19.2878833383388
49	24.1599092334902
50	27.1632128674876
51	29.766076016952
52	31.5680581973504
53	38.3755464344115
54	51.7903026662667
55	84.0925017519268
56	111.188974538659
57	128.80835585811
58	140.688090232589
59	150.899322588179
60	167.851303100075
61	178.062535455666
62	188.67420829579
63	226.115393599624
64	255.547769212799
65	277.505255781357
66	298.795341542361
67	320.018687222608
68	346.714719524807
69	366.870223912967
70	378.616478125935
71	407.381452931554
72	424.133213201184
73	430.473520872956
74	431.74158240731
75	431.941802649577
76	433.810524910731
77	437.014048786995
78	440.484532986281
79	457.369773417422
80	463.109420362394
81	464.644442219771
82	455.234090833246
83	442.620215570457
84	433.543564587709
85	425.401274735538
86	421.997530617008
87	407.781893416087
88	236.927286682015
89	190.6096706377
90	165.982580838921
91	128.007474889044
92	116.995361564387
93	108.853071712216
94	105.716287916708
95	67.4742216438084
96	63.2028564754568
97	53.1251042813766
98	50.9226816164452
99	27.6971335135315
100	30.033036339974
101	30.5669569860179
102	26.9629926252211
103	27.5636533520205
104	30.3667367437514
105	33.5035205392599
106	37.3077051423235
107	35.5057229619249
108	36.974004738546
109	41.5123302299201
110	48.0528581439589
111	51.8570427470223
112	55.9949277538633
113	58.7980111455942
114	74.2817098808688
115	95.90549604565
116	114.859678980211
117	136.08302466046
118	172.122668268426
119	210.364734541327
120	237.794907731836
121	241.465612173388
122	242.466713384721
123	245.269796776452
124	251.276404044446
125	255.747989455065
126	255.347548970531
127	261.687856642304
128	265.759001568389
129	270.030366736741
130	273.968031501315
131	260.219574865683
132	270.764507625051
133	275.369573197181
134	296.459438715918
135	311.342476724394
136	395.902159041607
137	446.691360496541
138	493.476157106144
139	544.332098641833
140	596.25588146961
141	649.91490639703
142	693.362698968857
143	723.462475389584
144	743.484499616232
145	759.168418593773
146	803.283611973158
147	814.295725297816
148	842.593519538147
149	849.334267694453
150	871.425234424522
151	884.973470817888
152	895.585143658011
153	898.588447292009
154	899.589548503341
155	895.852103981033
156	891.046818166638
157	872.092635232077
158	861.948142957242
159	859.211799646266
160	859.278539727022
161	849.53448793672
162	840.324356792461
163	829.512463710071
164	816.097707478216
165	782.260486535179
166	772.382954583365
167	772.249474421854
168	743.017319050946
169	689.558514365794
170	646.37768211699
171	618.21336803817
172	620.415790703102
173	619.147729168748
174	593.052357593348
175	597.991123569255
176	281.77662094971
177	253.211866386357
178	271.765608836386
179	285.914505956552
180	272.43300964394
181	257.816931958486
182	255.481029132044
183	249.007241298761
184	233.45680248273
185	206.960990422798
186	196.215837421163
187	192.344912737344
188	191.544031768278
189	190.743150799212
190	184.336103046684
191	182.667601027797
192	181.866720058731
193	179.864517636066
194	143.49117362432
195	123.936329962959
196	114.125538091901
197	112.05659558848
198	111.522674942437
199	112.190075749992
200	111.92311542697
201	113.791837688124
202	115.860780191544
203	117.462542129676
204	118.263423098742
205	119.064304067808
206	118.73060366403
207	117.39580204892
208	112.857476557547
209	106.049988320486
210	96.1724563686721
211	103.246904928755
212	95.3715753996067
213	94.9043948343183
214	64.8046184135886
215	62.4687155871462
216	62.4019755063907
217	62.4687155871462
218	61.4008742950583
219	61.2673941335473
220	61.8680548603468
221	62.8691560716793
222	64.0037374445228
223	65.6722394634102
224	66.2061601094542
225	66.3396402709652
226	40.9116695031205
227	41.1786298261425
228	42.1129909567195
229	42.446691360497
230	42.2464711182305
231	39.376647645744
232	39.910568291788
233	42.1129909567195
234	42.3799512797416
235	45.1830346714725
236	47.5856775786705
237	53.3920646043988
238	63.3363366369681
239	89.9656288584106
240	129.942937230954
241	187.806587245969
242	189.808789668634
243	206.627290019019
244	210.965395268127
245	208.69623252244
246	204.825307838621
247	204.558347515599
248	204.758567757865
249	202.289184769912
250	201.755264123868
251	199.219141055159
252	199.018920812893
253	197.28367871325
254	196.616277905695
255	195.214736209829
256	194.547335402274
257	194.547335402274
258	194.547335402274
259	194.547335402274
260	194.547335402274
261	194.680815563785
262	195.214736209829
263	195.34821637134
264	195.414956452096
265	195.815396936629
266	197.483898955516
267	198.01781960156
268	199.152400974404
269	198.284779924582
270	198.084559682316
271	193.87993459472
272	184.736543531216
273	179.931257716821
274	167.450862615543
275	116.594921079854
276	55.6612273500855
277	40.0440484532989
278	18.8207027730503
279	14.9497780892315
280	14.0154169586545
281	12.8808355858111
282	13.7484566356325
283	13.6149764741215
284	13.4814963126105
285	13.815196716388
286	119.464744552341
287	208.696232522441
288	283.645343210864
289	356.058330830578
290	747.822604865348
291	974.338438949506
292	991.490639703669
293	999.099008909795
294	1008.8430607001
295	1019.45473354022
296	1029.86618613808
297	1048.2864484266
298	1066.4397503921
299	1085.12697300366
300	1115.42696966668
301	1146.72806754101
302	1176.56088363872
303	1191.04348116267
304	1233.22321220015
305	1277.60536590255
306	1268.86241532358
307	1023.12543798177
308	970.801214669463
309	857.343077385117
310	597.190242600189
311	502.219107685117
312	492.875496379347
313	487.803250241929
314	481.129242166379
315	479.19377982447
316	477.725498047849
317	465.111622785061
318	451.49664631094
319	443.154136216503
320	431.207661761269
321	276.036974004737
322	221.910768512029
323	215.37024059799
324	211.098875429638
325	208.896452764707
326	186.338305469348
327	184.53632328895
328	183.935662562151
329	180.264958120598
330	179.063636666999
331	174.992491740914
332	171.522007541628
333	168.185003503853
334	165.982580838922
335	159.77575332866
336	136.683685387259
337	78.9535155337542
338	93.1691527346754
339	93.2358928154309
340	94.7709146728067
341	129.342276504155
342	161.444255347548
343	180.665398605131
344	217.305702939899
345	254.413187839956
346	287.783228217705
347	326.092034571359
348	332.29886208162
349	337.571328461304
350	340.641372176057
351	341.242032902857
352	337.371108219038
353	336.837187572994
354	334.367804585041
355	334.301064504285
356	333.833883938997
357	222.311208996562
358	208.496012280174
359	198.885440651382
360	185.87112490406
361	173.12376947976
362	163.713418093235
363	157.773550905996
364	94.7709146728067
365	93.1691527346747
366	93.9700337037407
367	47.0517569326263
368	35.7059432041914
369	20.7561651149598
370	17.4191610771849
371	15.683918977542
372	13.414756231855
373	13.0810558280775
374	7.67510928688223
375	7.54162912537124
376	7.60836920612673
377	6.80748823706076
378	6.34030767177228
379	6.27356759101678
380	5.20572629892882
381	4.87202589515133
382	4.93876597590683
383	4.93876597590683
384	4.73854573364034
385	4.80528581439583
386	4.80528581439583
387	4.20462508759635
388	3.73744452230787
389	3.27026395701939
390	3.27026395701939
391	3.33700403777488
392	3.87092468381887
393	4.73854573364034
394	6.27356759101678
395	6.47378783328327
396	6.20682751026128
397	6.34030767177228
398	6.20682751026128
399	6.54052791403877
400	7.20792872159375
401	10.2779724363466
402	15.149998331498
403	17.8196015617179
404	18.2200420462509
405	18.6872226115394
406	21.6237861647812
407	28.3645343210865
408	31.9017586011279
409	36.2398638502355
410	38.1085861113895
411	38.7759869189445
412	38.5090265959225
413	38.041846030634
414	37.7081456268565
415	37.7081456268565
416	38.1085861113895
417	38.2420662729005
418	38.175326192145
419	33.2365602162379
420	33.7037407815264
421	33.4367804585044
422	34.4378816698369
423	35.906163446458
424	35.906163446458
425	35.8394233657025
426	36.440084092502
427	38.2420662729005
428	41.9795107952085
429	39.9773083725435
430	46.2508759635604
431	49.8548403243573
432	50.1885407281348
433	56.8625488036846
434	68.0081422898524
435	77.5519738378881
436	91.5673907965426
437	100.443821537024
438	100.911002102312
439	99.2425000834249
440	98.4416191143589
441	97.3737778222709
442	97.5739980645374
443	95.9722361264055
444	95.8387559648945
445	93.8365535422296
446	87.2960256281908
447	85.8944839323254
448	80.6220175526411
449	72.4797277004702
450	69.8101244702505
451	67.7411819668303
452	59.6656321954154
453	32.5024193279274
454	14.08215703941
455	11.7462542129676
456	11.7462542129676
457	11.9464744552341
458	12.2801748590116
459	10.2779724363466
460	10.2779724363466
461	10.0777521940801
462	10.0777521940801
463	9.54383154803617
464	9.47709146728067
465	9.00991090199219
466	9.07665098274768
467	8.87643074048119
468	9.07665098274768
469	6.74074815630526
470	6.54052791403877
471	6.14008742950579
472	6.07334734875029
473	3.93766476457436
474	3.0033036339974
475	3.07004371475289
476	3.07004371475289
477	3.00330363399739
478	2.8698234724864
479	2.8030833917309
480	2.8698234724864
481	2.8698234724864
482	2.9365635532419
483	2.8030833917309
484	2.8698234724864
485	2.8030833917309
486	3.20352387626389
487	3.40374411853038
488	3.53722428004138
489	3.93766476457436
490	4.07114492608536
491	4.20462508759635
492	4.20462508759635
493	4.07114492608536
494	4.13788500684086
495	4.40484532986285
496	5.7396469449728
497	7.80858944839323
498	11.0788534054126
499	16.7517602696299
500	23.8929489104682
501	32.4356792471719
502	44.1151933793843
503	54.1262054927091
504	62.4687155871463
505	64.6711382520777
506	65.4052791403881
507	65.0715787366106
508	65.8724597056765
509	66.5398605132314
510	67.3407414822973
511	68.4753228551407
512	69.4764240664731
513	70.143824874028
514	70.8779657623384
515	72.3462475389592
516	72.4797277004702
517	70.8112256815829
518	70.7444856008274
519	70.6777455200719
520	36.9072646577905
521	29.899556178463
522	29.4323756131745
523	30.7004371475289
524	35.9729035272135
525	42.6469116027635
526	46.5845763673379
527	51.9905229085332
528	56.2618880768852
529	60.0660726799485
530	65.6722394634102
531	72.1460272966928
532	78.352854806954
533	80.6887576333966
534	81.0224580371741
535	80.7554977141521
536	81.2226782794405
537	81.689858844729
538	82.5574798945504
539	86.3616644976139
540	86.0947041745919
541	86.6286248206358
542	89.0980078085893
543	89.8988887776553
544	88.9645276470783
545	79.9546167450861
546	70.677745520072
547	46.6513164480934
548	42.1797310374749
549	33.0363399739714
550	28.564754563353
551	28.431274401842
552	28.4980144825975
553	28.6314946441085
554	28.030833917309
555	26.4290719791771
556	25.6281910101111
557	27.2966930289985
558	26.6960323021991
559	24.7605699602896
560	23.3590282644242
561	23.4257683451797
562	25.0942703640671
563	29.0319351286415
564	29.365635532419
565	29.098675209397
566	29.4323756131745
567	29.365635532419
568	27.2966930289985
569	24.6938298795341
570	24.0931691527347
571	23.6927286682017
572	23.6259885874462
573	23.0253278606467
574	23.0253278606467
575	22.4914072146027
576	22.3579270530917
577	22.2911869723362
578	22.2911869723362
579	22.3579270530917
580	23.6927286682017
581	24.1599092334902
582	25.0942703640671
583	26.3623318984216
584	27.897353755798
585	28.965195047886
586	28.965195047886
587	24.3601294757567
588	22.6916274568692
589	18.5537424500284
590	19.4881035806053
591	17.0187205926519
592	17.6861214002069
593	17.9530817232289
594	18.2867821270064
595	18.5537424500284
596	19.2878833383388
597	20.4892047919378
598	20.6894250342043
599	21.8240064070477
600	22.0909667300697
601	21.4903060032702
602	20.4892047919378
603	20.2889845496713
604	19.2878833383388
605	15.8173991390529
606	15.550438816031
607	15.550438816031
608	15.016518169987
609	14.9497780892315
610	15.016518169987
611	14.9497780892315
612	13.681716554877
613	10.7451530016351
614	9.27687122501418
615	6.74074815630526
616	4.80528581439583
617	3.33700403777488
618	3.33700403777488
619	3.67070444155237
620	2.8698234724864
621	2.8030833917309
622	3.20352387626389
623	4.07114492608536
624	3.87092468381887
625	3.87092468381887
626	3.87092468381887
627	3.87092468381887
628	3.87092468381887
629	3.87092468381887
630	3.47048419928588
631	3.47048419928588
632	3.47048419928588
633	3.47048419928588
634	3.47048419928588
635	2.8030833917309
636	2.73634331097541
637	2.8698234724864
638	2.53612306870891
639	2.06894250342043
640	2.26916274568692
641	1.93546234190943
642	2.46938298795342
643	3.0033036339974
644	2.9365635532419
645	3.40374411853038
646	4.80528581439583
647	4.13788500684086
648	5.6729068642173
649	6.34030767177228
650	9.07665098274768
651	10.7451530016351
652	16.2845797043414
653	27.897353755798
654	39.8438282110325
655	53.1918443621322
656	82.2905195715285
657	110.521573731104
658	133.880601995528
659	151.566723395734
660	170.387426168784
661	199.619581539692
662	220.776187139184
663	237.461207328059
664	250.609003236892
665	264.891380518568
666	283.111422564819
667	294.523976374009
668	306.537190909998
669	322.421330129807
670	338.839389995658
671	358.327493576261
672	380.218240064065
673	408.782994627418
674	475.322855140649
675	550.005005506051
676	606.600593986713
677	668.668869089324
678	727.934060800202
679	779.257182901182
680	790.269296225839
681	791.670837921704
682	857.209597223603
683	923.749457736834
684	912.804084492932
685	917.609370307328
686	920.145493376037
687	916.941969499773
688	922.815096606257
689	873.026996362656
690	872.559815797367
691	869.356291921104
692	847.532285514056
693	808.756298595113
694	723.729435712607
695	644.976140421123
696	602.596189141383
697	450.095104615071
698	308.806353655686
699	253.7457870324
700	178.129275536422
701	131.611439249841
702	99.509460406447
703	79.8211365835748
704	61.6678346180806
705	41.8460306336975
706	30.9006573897954
707	25.6281910101111
708	20.6894250342043
709	18.8207027730503
710	17.1522007541629
711	16.4847999466079
712	16.4847999466079
713	16.2845797043414
714	14.215637200921
715	13.815196716388
716	12.1466946975006
717	11.2790736476791
718	10.7451530016351
719	10.0777521940801
720	9.41035138652517
721	6.20682751026128
722	5.27246637968432
723	4.07114492608536
724	3.33700403777488
725	3.73744452230787
726	3.87092468381887
727	4.27136516835185
728	4.07114492608536
729	4.73854573364034
730	5.40594654119531
731	5.93986718723929
732	6.80748823706076
733	9.00991090199219
734	9.34361130576967
735	10.0777521940801
736	10.4781926786131
737	11.2123335669236
738	11.5460339707011
739	11.6795141322121
740	11.9464744552341
741	12.2134347782561
742	12.2801748590116
743	11.9464744552341
744	11.6127740514566
745	11.1455934861681
746	12.4803951012781
747	15.4836987352755
748	16.8852404311409
749	19.0209230153168
750	20.4224647111823
751	20.0220242266493
752	19.4881035806053
753	19.0209230153168
754	19.0209230153168
755	17.0854606734074
756	17.0187205926519
757	17.0187205926519
758	16.6182801081189
759	16.5515400273634
760	16.8852404311409
761	17.0854606734074
762	17.1522007541629
763	16.2178396235859
764	13.2145359895885
765	13.2145359895885
766	13.147795908833
767	12.8140955050556
768	12.4803951012781
769	12.6806153435446
770	11.6795141322121
771	9.41035138652517
772	7.00770847932726
773	7.00770847932726
774	6.67400807554977
775	5.7396469449728
776	5.53942670270631
777	5.20572629892882
778	5.00550605666233
779	5.53942670270631
780	5.47268662195081
781	5.40594654119531
782	5.8731271064838
783	6.27356759101678
784	7.34140888310474
785	10.2779724363466
786	14.215637200921
787	17.1522007541629
788	20.8229051957153
789	21.4903060032703
790	22.3579270530917
791	24.5603497180231
792	26.6960323021991
793	27.9640938365535
794	29.9662962592185
795	38.2420662729005
796	62.2684953448799
797	81.2226782794406
798	83.959021590416
799	83.959021590416
800	83.425100944372
801	83.291620782861
802	81.4228985217071
803	81.1559381986851
804	80.9557179564186
805	80.3550572296191
806	79.4874361797977
807	79.3539560182867
808	78.8867754529982
809	70.8112256815829
810	67.5409617245638
811	64.1372176060338
812	59.5988921146599
813	56.0616678346185
814	49.1206994360467
815	21.3568258417593
816	19.2878833383388
817	14.749557846965
818	13.281276070344
819	13.2145359895885
820	12.6138752627891
821	12.5471351820336
822	10.5449327593686
823	10.4781926786131
824	10.4781926786131
825	10.5449327593686
826	10.4114525978576
827	10.5449327593686
828	10.7451530016351
829	10.8786331631461
830	10.8786331631461
831	10.4781926786131
832	10.6116728401241
833	11.0121133246571
834	11.8129942937231
835	12.9475756665665
836	13.8819367971435
837	14.349117362432
838	15.2167384122535
839	15.41695865452
840	16.1510995428304
841	15.550438816031
842	15.550438816031
843	15.6171788967865
844	17.1522007541629
845	21.7572663262922
846	23.3590282644242
847	27.8306136750425
848	33.5035205392599
849	41.8460306336974
850	50.1885407281347
851	57.062769045951
852	83.4918410251276
853	100.710781860046
854	119.664964794607
855	135.415623852905
856	147.362098308138
857	160.910334701504
858	183.335001835351
859	204.958788000132
860	211.899756398704
861	222.578169319583
862	245.937197584007
863	266.626622618212
864	296.859879200452
865	329.162078286111
866	346.114058798008
867	359.929255514396
868	361.931457937061
869	362.799078986882
870	323.956351987182
871	316.347982781056
872	321.687189241495
873	313.811859712347
874	306.403710748488
875	304.868688891111
876	294.323756131743
877	285.18036506824
878	308.005472686619
879	303.200186872224
880	334.301064504284
881	351.98718590449
882	381.553041679176
883	374.478593119093
884	381.286081356154
885	367.671104882032
886	381.553041679176
887	370.474188273763
888	381.753261921442
889	393.432776053654
890	405.512730670399
891	419.060967063765
892	444.355457670098
893	449.627924049782
894	452.164047118491
895	452.497747522269
896	471.852370941363
897	497.280341709207
898	520.038709246831
899	563.219541495638
900	588.313811859705
901	608.602796409376
902	609.537157539953
903	611.405879801107
904	599.259185103607
905	573.430773851229
906	567.290686421723
907	542.329896219167
908	496.612940901652
909	471.652150699096
910	465.445323188835
911	461.374178262749
912	455.968231721554
913	452.230787199246
914	406.38035172022
915	430.54026095371
916	437.147528948504
917	429.338939500111
918	450.295324857337
919	438.215370240592
920	437.014048786993
921	372.342910534917
922	384.623085393928
923	396.769780091429
924	400.573964694492
925	375.012513765137
926	369.873527546964
927	365.33520205559
928	363.132779390659
929	353.455467681112
930	328.361197317045
931	284.179263856907
932	268.962525444654
933	258.751293089063
934	239.997330396768
935	217.238962859143
936	194.347115160008
937	171.18830713785
938	139.286548536723
939	83.8255414289049
940	69.8768645510061
941	63.6032969599899
942	31.6347982781059
943	16.3513197850969
944	16.6850201888744
945	13.281276070344
946	17.6193813194514
947	23.2922881836687
948	22.6916274568692
949	24.5603497180231
950	24.0264290719792
951	23.8929489104682
952	24.0264290719792
953	23.5592485066907
954	25.5614509293556
955	30.5002169052624
956	32.7693796509494
957	33.7037407815264
958	34.6381019121034
959	35.372242800414
960	38.175326192145
961	41.378850068409
962	43.2475723295629
963	44.9160743484504
964	45.9171755597829
965	47.6524176594258
966	48.1195982247143
967	49.2541795975578
968	50.7892014549343
969	53.8592451696872
970	53.4588046851542
971	53.3253245236432
972	53.4588046851542
973	53.6590249274207
974	54.4599058964867
975	68.8090232589183
976	75.1493309306899
977	93.5028531384521
978	112.256815830747
979	153.101745253111
980	236.059665632194
981	347.181900090096
982	493.876597590679
983	620.88297126839
984	691.961157272994
985	726.799479427364
986	724.1966162779
987	719.191110221238
988	717.989788767639
989	717.455868121595
990	706.977675442982
991	689.291554042775
992	688.557413154464
993	684.286047986113
994	676.877899022252
995	671.538692561813
996	650.382086962319
997	643.774818967525
998	638.168652184064
999	596.58958187339
1000	571.8290119131
1001	550.805886475118
1002	440.35105282477
1003	423.866252878162
1004	402.375946874892
1005	305.803050021688
1006	229.118697233622
1007	189.208128941834
1008	148.296459438715
1009	132.679280541929
1010	132.545800380418
1011	132.879500784196
1012	133.279941268729
1013	133.213201187973
1014	133.813861914773
1015	133.546901591751
1016	131.277738846064
1017	128.608135615844
1018	108.185670904661
1019	109.053291954483
1020	98.3081389528477
1021	86.0947041745917
1022	79.3539560182863
1023	80.1548369873523
1024	67.6077018053195
1025	68.7422831781629
1026	73.0803884272698
1027	79.0869956952642
1028	326.025294490604
1029	344.045116294588
1030	370.807888677542
1031	393.566256215167
1032	414.85634197617
1033	450.295324857339
1034	483.131444589044
1035	515.433643674705
1036	530.316681683181
1037	531.851703540557
1038	531.718223379046
1039	548.870424133209
1040	552.941569059294
1041	553.875930189871
1042	554.743551239692
1043	555.744652451025
1044	555.677912370269
1045	554.47659091667
1046	524.577034738208
1047	547.001701872055
1048	565.021523676039
1049	558.948176327289
1050	558.547735842756
1051	498.681883405075
1052	497.547302032231
1053	480.061400874291
1054	474.922414656118
1055	473.787833283275
1056	453.966029298892
1057	441.752594520636
1058	440.351052824771
1059	120.866286248206
1060	120.799546167451
1061	121.199986651984
1062	119.664964794607
1063	96.5061567724494
1064	91.5006507157871
1065	76.9513131110883
1066	54.5933860579978
1067	57.7969099342617
1068	61.0004338105256
1069	61.868054860347
1070	67.3407414822975
1071	71.2784062468715
1072	79.8878766643305
1073	90.4995495044547
1074	95.7052758033836
1075	96.7063770147161
1076	92.5017519271197
1077	85.7610037708145
1078	84.893382720993
1079	87.0958053859244
1080	90.8332499082323
1081	94.9043948343176
1082	103.580605332532
1083	113.925317849634
1084	112.123335669236
1085	105.783027997464
1086	102.913204524977
1087	101.311442586845
1088	101.044482263823
1089	100.844262021557
1090	99.642940567958
1091	90.3660693429438
1092	114.192278172657
1093	115.260119464744
1094	119.998665198385
1095	125.871792304869
1096	126.072012547135
1097	123.068708913138
1098	101.444922748357
1099	88.897787566323
1100	88.5640871625455
1101	90.232589181433
1102	92.0345713618314
1103	92.4350118463643
1104	91.9678312810759
1105	89.7654086161444
1106	83.7588013481497
1107	83.0246604598392
1108	74.7488904461576
1109	74.4151900423802
1110	75.0158507691796
1111	73.0136483465148
1112	72.0792872159378
1113	69.7433843894954
1114	65.3385390596325
1115	65.138318817366
1116	64.8046184135886
1117	61.0004338105252
1118	51.590082424
1119	46.0506557212936
1120	44.7825941869392
1121	44.9160743484502
1122	44.9828144292057
1123	44.9828144292057
1124	45.9171755597826
1125	45.3832549137386
1126	42.1797310374747
1127	40.7114492608537
1128	41.7792905529417
1129	42.8471318450297
1130	37.3077051423232
1131	35.0385423966363
1132	32.3021990856609
1133	30.033036339974
1134	16.1510995428304
1135	14.5493376046985
1136	22.1577068108252
1137	24.0931691527347
1138	25.0275302833116
1139	25.2944906063336
1140	25.8951513331331
1141	25.0275302833116
1142	23.4925084259352
1143	22.9585877798912
1144	22.6916274568692
1145	22.4914072146027
1146	22.2911869723362
1147	22.5581472953582
1148	24.2266493142457
1149	24.5603497180231
1150	25.1610104448226
1151	25.1610104448226
1152	25.0942703640671
1153	25.4947108486001
1154	25.6949310908666
1155	26.1621116561551
1156	27.229952948243
1157	28.2310541595755
1158	28.030833917309
1159	25.2944906063336
1160	25.2944906063336
1161	24.8273100410451
1162	17.0854606734074
1163	16.2845797043414
1164	17.2856809156739
1165	17.1522007541629
1166	17.2856809156739
1167	17.2856809156739
1168	17.6861214002069
1169	19.0876630960723
1170	19.4881035806053
1171	22.5581472953582
1172	28.0975739980645
1173	39.5768678880105
1174	42.2464711182305
1175	47.1852370941374
1176	52.2574832315553
1177	59.0649714686161
1178	88.5640871625454
1179	277.438515700603
1180	295.458337504587
1181	372.142690292652
1182	429.071979177092
1183	492.141355491036
1184	538.592451696863
1185	554.743551239693
1186	564.621083191507
1187	568.758968198348
1188	569.893549571191
1189	569.626589248169
1190	569.626589248169
1191	570.427470217235
1192	570.827910701768
1193	580.838922815093
1194	591.584075816728
1195	596.789802115656
1196	601.661828010808
1197	598.324823973033
1198	594.987819935258
1199	594.053458804681
1200	520.038709246835
1201	268.695565121632
1202	220.442486735407
1203	81.8900790869954
1204	78.9535155337534
1205	79.0202556145089
1206	78.8867754529979
1207	78.0858944839319
1208	77.2182734341104
1209	49.3876597590689
1210	36.3733440117465
1211	31.8350185203724
1212	27.897353755798
1213	22.1577068108252
1214	19.9552841458938
1215	15.683918977542
1216	13.7484566356325
1217	13.281276070344
1218	9.21013114425868
1219	9.07665098274768
1220	8.94317082123669
1221	4.93876597590683
1222	4.47158541061834
1223	4.00440484532986
1224	3.13678379550839
1225	2.46938298795341
1226	2.33590282644242
1227	1.26806153435446
1228	0.600660726799479
1229	0.467180565288484
1230	3.0033036339974
1231	5.47268662195081
1232	6.20682751026129
1233	6.34030767177228
1234	6.40704775252778
1235	6.40704775252778
1236	6.47378783328328
1237	6.47378783328328
1238	6.54052791403877
1239	6.60726799479427
1240	6.60726799479427
1241	6.47378783328328
1242	6.47378783328328
1243	6.54052791403877
1244	6.54052791403877
1245	6.54052791403877
1246	6.14008742950579
1247	3.20352387626389
1248	1.73524209964294
1249	2.40264290719792
1250	8.14228985217072
1251	8.47599025594821
1252	9.27687122501418
1253	17.3524209964294
1254	19.7550639036273
1255	20.3557246304268
1256	21.0231254379818
1257	21.6237861647813
1258	21.8240064070477
1259	22.5581472953582
1260	23.7594687489572
1261	25.6949310908666
1262	34.3711415890814
1263	41.9127707144529
1264	51.1896419394672
1265	56.128407915374
1266	59.9325925184374
1267	61.4008742950584
1268	64.5376580905668
1269	69.1427236626957
1270	92.5684920078752
1271	108.452631227684
1272	138.685887809924
1273	217.43918310141
1274	394.300397103477
1275	599.058964861343
1276	819.76841191977
1277	950.378749958278
1278	1062.30186538531
1279	1123.1020789536
1280	1159.34194280384
1281	1176.42740347725
1282	1162.61220676086
1283	1167.08379217148
1284	1167.48423265601
1285	1164.14722861824
1286	1167.08379217148
1287	1177.5619848501
1288	1184.43621316792
1289	1194.44722528124
1290	1191.71088197027
1291	1195.84876697711
1292	1203.25691594097
1293	827.577001368159
1294	822.97193579603
1295	820.502552808077
1296	815.363566589904
1297	815.230086428393
1298	803.951012780714
1299	800.213568258406
1300	801.281409550494
1301	795.074582040233
1302	793.33933994059
1303	792.204758567747
1304	787.866653318639
1305	782.994627423488
1306	780.058063870247
1307	765.575466346304
1308	752.494410518227
1309	745.887142523433
1310	726.265558781317
1311	722.594854339765
1312	720.726132078611
1313	688.891113558239
1314	684.152567824599
1315	616.611606100038
1316	604.932091967826
1317	120.465845763673
1318	69.5431641472289
1319	70.7444856008277
1320	67.8746621283416
1321	60.8669536490147
1322	59.7991123569267
1323	56.3953682383963
1324	55.9281876731078
1325	55.7947075115968
1326	55.9949277538633
1327	56.9292888844403
1328	62.7356759101687
1329	66.6733406747428
1330	66.8735609170092
1331	67.5409617245642
1332	66.3396402709653
1333	66.3396402709653
1334	65.6054993826549
1335	61.4008742950586
1336	60.1995528414597
1337	58.3308305803057
1338	65.4052791403884
1339	93.6363332999632
1340	118.129942937231
1341	171.722227783894
1342	229.519137718154
1343	257.349751393197
1344	251.543364367469
1345	262.622217772881
1346	297.594020088762
1347	319.151066172787
1348	337.371108219037
1349	368.338505689587
1350	388.76097040077
1351	403.910968732268
1352	450.428805018849
1353	488.80435145326
1354	504.22131010778
1355	546.868221710542
1356	556.6790135816
1357	558.414255681243
1358	558.480995761999
1359	555.94487269329
1360	543.130777188234
1361	541.061834684814
1362	536.390029031929
1363	535.589148062863
1364	544.065138318811
1365	559.548837054087
1366	567.691126906257
1367	601.261387526272
1368	663.796843194173
1369	729.068642173045
1370	832.449027263312
1371	924.350118463631
1372	978.009143391051
1373	1054.69349617917
1374	1202.32255481043
1375	1209.33026328976
1376	1253.24523642689
1377	1280.20822905212
1378	1236.69369639952
1379	1243.63466479809
1380	1303.70073747805
1381	1354.08949844846
1382	1430.44015083275
1383	1507.52494410536
1384	1581.87339406699
1385	1600.96105716306
1386	1614.77625387945
1387	1627.456869223
1388	1628.12427003055
1389	1623.45246437766
1390	1605.29916241217
1391	1557.17956418745
1392	1551.17295691945
1393	1329.92958921497
1394	1126.43908299141
1395	991.891080188195
1396	875.896819835142
1397	834.317749524467
1398	812.760703440441
1399	692.695298161301
1400	636.633630326687
1401	585.844428871753
1402	566.022624887371
1403	557.746854873689
1404	506.223512530445
1405	432.47572329562
1406	419.928588113587
1407	330.296659658954
1408	309.206794140219
1409	279.307237961756
1410	274.969132712649
1411	273.567591016783
1412	261.821336803816
1413	261.687856642305
1414	259.885874461906
1415	261.087195915505
1416	260.620015350217
1417	252.477725498046
1418	241.065171688856
1419	103.847565655554
1420	73.3473487502916
1421	88.3638669202788
1422	91.1002102312542
1423	94.8376547535621
1424	93.5028531384521
1425	93.4361130576966
1426	94.704174592051
1427	94.6374345112956
1428	94.5706944305401
1429	94.7709146728066
1430	95.0378749958285
1431	94.7041745920511
1432	94.7041745920511
1433	92.8354523308972
1434	88.2303867587678
1435	71.9458070544263
1436	61.9347949411025
1437	44.1819334601399
1438	42.0462508759641
1439	46.4510962058269
1440	54.7936063002642
1441	57.9971301765281
1442	64.003737444523
1443	70.7444856008275
1444	85.6942636900589
1445	100.977742183068
1446	131.010778523042
1447	143.891614108853
1448	178.396235859444
1449	186.138085227082
1450	186.071345146326
1451	185.737644742549
1452	185.604164581038
1453	185.136984015749
1454	184.603063369705
1455	181.799979977974
1456	181.332799412686
1457	182.000200220241
1458	176.927954082823
1459	174.725531417892
1460	172.589848833716
1461	160.643374378481
1462	156.37200921013
1463	142.623552574498
1464	130.209897553976
1465	110.321353488838
1466	109.98765308506
1467	112.523776153769
1468	110.655053892615
1469	118.797343744786
1470	146.694697500583
1471	180.732138685887
1472	188.473988053524
1473	190.476190476189
1474	180.064737878332
1475	185.537424500282
1476	191.010111122233
1477	201.087863316313
1478	213.368038175325
1479	220.776187139185
1480	236.25988587446
1481	256.348650181865
1482	354.122868488667
1483	439.283211532682
1484	560.883638669198
1485	657.256315280134
1486	779.924583708738
1487	923.349017252302
1488	1117.29569192788
1489	1128.50802549481
1490	1076.98468315155
1491	1077.51860379759
1492	1076.18380218248
1493	1077.58534387835
1494	1076.65098274777
1495	1077.18490339381
1496	1078.11926452439
1497	1072.91353822545
1498	1057.76353989393
1499	1007.24129876196
1500	1004.0377748857
1501	985.083591951137
1502	820.168852404302
1503	813.82854473253
1504	825.708279107008
1505	831.114225648203
1506	599.659625588141
1507	623.018653852565
1508	636.233189842154
1509	648.513364701165
1510	658.52437681449
1511	647.779223812855
1512	647.378783328321
1513	660.860279640932
1514	659.925918510355
1515	652.717989788761
1516	646.177461874722
1517	598.725264457564
1518	577.635398938827
1519	400.106784129204
1520	372.743351019449
1521	381.085861113887
1522	314.279040277636
1523	304.534988487334
1524	268.628825040876
1525	247.538959522139
1526	232.388961190641
1527	233.790502886506
1528	213.034337771547
1529	221.043147462206
1530	199.886541862714
1531	195.014515967562
1532	206.694030099774
1533	289.785430640369
1534	349.317582674271
1535	448.426602596185
1536	444.889378316144
1537	440.484532986281
1538	439.216471451927
1539	432.075282811089
1540	414.322421330126
1541	391.497313711746
1542	380.151499983312
1543	369.873527546965
1544	360.796876564218
1545	319.217806253543
1546	313.411419227814
1547	313.47815930857
1548	294.123535889476
1549	290.586311609435
1550	274.835652551138
1551	217.839623585943
1552	171.455267460873
1553	141.422231120899
1554	72.2127673774484
1555	71.0114459238494
1556	54.7936063002639
1557	52.257483231555
1558	50.9894216972005
1559	49.854840324357
1560	48.1195982247141
1561	45.7836953982716
1562	45.3832549137386
1563	44.0484532986287
1564	43.5812727333402
1565	41.3788500684087
1566	38.5757666766778
1567	35.5057229619249
1568	35.1720225581474
1569	6.40704775252778
1570	6.27356759101678
1571	6.27356759101678
1572	6.20682751026129
1573	5.8731271064838
1574	5.8063870257283
1575	4.73854573364034
1576	3.87092468381887
1577	4.33810524910735
1578	4.67180565288484
1579	5.07224613741782
1580	5.53942670270631
1581	5.8063870257283
1582	6.20682751026128
1583	6.40704775252778
1584	6.20682751026128
1585	6.34030767177228
1586	6.67400807554977
1587	7.27466880234925
1588	7.80858944839323
1589	9.47709146728067
1590	12.2134347782561
1591	13.681716554877
1592	15.016518169987
1593	20.4224647111823
1594	27.229952948243
1595	33.5702606200154
1596	36.840524577035
1597	38.041846030634
1598	39.643607968766
1599	41.8460306336975
1600	43.3810524910739
1601	48.3198184669808
1602	55.0605666232862
1603	59.3986718723936
1604	59.7323722761711
1605	59.8658524376821
1606	60.8002135682591
1607	63.6700370407455
1608	66.5398605132317
1609	68.4753228551409
1610	66.4731204324762
1611	64.9380985750999
1612	63.469816798479
1613	60.9336937297701
1614	60.1995528414596
1615	59.0649714686161
1616	58.7980111455941
1617	56.6623285614182
1618	55.2607868655527
1619	51.9237828277777
1620	51.4566022624892
1621	51.2563820202227
1622	51.3898621817337
1623	50.5222411319122
1624	50.2552808088902
1625	49.8548403243572
1626	49.1206994360467
1627	31.9017586011279
1628	21.2233456802483
1629	16.6182801081189
1630	13.6149764741215
1631	13.815196716388
1632	13.681716554877
1633	13.6149764741215
1634	13.681716554877
1635	13.815196716388
1636	11.6795141322121
1637	10.2112323555911
1638	10.2112323555911
1639	9.81079187105816
1640	5.07224613741782
1641	3.80418460306337
1642	3.67070444155237
1643	3.0033036339974
1644	3.0033036339974
1645	2.9365635532419
1646	2.8030833917309
1647	2.8030833917309
1648	4.07114492608536
1649	5.7396469449728
1650	6.40704775252778
1651	6.54052791403877
1652	6.74074815630526
1653	6.74074815630526
1654	6.74074815630526
1655	7.14118864083825
1656	7.00770847932725
1657	7.00770847932725
1658	7.14118864083825
1659	7.07444856008275
1660	6.94096839857176
1661	7.07444856008275
1662	7.27466880234925
1663	8.34251009443721
1664	9.14339106350318
1665	9.81079187105816
1666	11.5460339707011
1667	12.1466946975006
1668	12.4803951012781
1669	13.014315747322
1670	15.683918977542
1671	19.6883238228718
1672	25.0275302833116
1673	30.9006573897954
1674	36.9072646577904
1675	44.3154136216509
1676	54.1929455734647
1677	64.8713584943443
1678	68.8757633396738
1679	71.345146327627
1680	73.2138685887807
1681	89.164747889345
1682	99.3759802449362
1683	108.719591550706
1684	115.126639303234
1685	118.330163179497
1686	118.864083825541
1687	118.797343744786
1688	121.199986651984
1689	121.600427136517
1690	122.067607701805
1691	122.134347782561
1692	122.067607701805
1693	123.602629559182
1694	112.723996396036
1695	110.054393165816
1696	113.725097607368
1697	122.134347782561
1698	130.476857876998
1699	140.354389828812
1700	139.48676877899
1701	144.025094270364
1702	126.072012547135
1703	125.337871658825
1704	126.00527246638
1705	121.533687055761
1706	121.733907298028
1707	126.539193112424
1708	129.675976907932
1709	129.609236827176
1710	131.277738846064
1711	138.485667567658
1712	140.154169586545
1713	175.926852871491
1714	225.648213034336
1715	230.720459171754
1716	278.239396669669
1717	341.175292822102
1718	373.010311342475
1719	425.734975139317
1720	486.802149030597
1721	513.631661494307
1722	495.611839690323
1723	495.278139286545
1724	506.757433176491
1725	514.699502786395
1726	512.830780525241
1727	526.04531651483
1728	551.673507524941
1729	568.692228117592
1730	596.923282277168
1731	617.879667634393
1732	633.563586611934
1733	638.101912103308
1734	620.215570460835
1735	576.967998131274
1736	551.740247605696
1737	520.038709246835
1738	493.142456702369
1739	423.999733039674
1740	350.185203724094
1741	324.823973037007
1742	303.333667033736
1743	262.155037207594
1744	250.275302833116
1745	246.204157907031
1746	235.659225147662
1747	220.57596689692
1748	135.482363933661
1749	102.245803717423
1750	86.695364901392
1751	69.6099042279844
1752	55.8614475923519
1753	53.725765008176
1754	50.7224613741786
1755	48.9872192745357
1756	60.4665131644814
1757	60.5332532452369
1758	56.4621083191515
1759	56.662328561418
1760	56.5955884806625
1761	59.5321520339045
1762	61.2673941335474
1763	56.662328561418
1764	56.795808722929
1765	59.7991123569264
1766	64.8713584943442
1767	72.079287215938
1768	91.1002102312549
1769	109.386992358262
1770	112.924216638303
1771	128.541395535089
1772	145.359895885474
1773	165.982580838923
1774	203.090065738979
1775	273.901291420561
1776	355.858110588313
1777	549.671305102277
1778	755.297493909964
1779	784.329429038605
1780	817.432509093332
1781	909.867520939695
1782	995.094604064465
1783	1084.59305235759
1784	1275.46968331838
1785	1537.95842092976
1786	1959.4887709815
1787	2302.73300630708
1788	2700.43714752912
1789	3115.96089031287
1790	3631.46127406835
1791	3875.46300931046
1792	4078.75329529172
1793	4229.58587779888
1794	4341.37551306403
1795	4324.0230920676
1796	4204.22464711187
1797	4073.61430907356
1798	3874.66212834142
1799	3855.10728468005
1800	3848.50001668526
1801	3842.8938499018
1802	3832.61587746545
1803	3245.03620649403
1804	2823.038675877
1805	2813.76180465199
1806	2466.17946407734
1807	2294.65745653569
1808	2013.2145359897
1809	1715.28681549714
1810	1591.48396569569
1811	1524.27670437489
1812	1402.20909667308
1813	207.428170988085
1814	198.75196048987
1815	193.012313544898
1816	178.59645610171
1817	174.859011579402
1818	160.242933893948
1819	143.224213301298
1820	137.951746921613
1821	134.814963126105
1822	108.586111389194
1823	91.3671705542761
1824	88.8310474855672
1825	85.3605632862813
1826	84.1592418326824
1827	76.8845730303328
1828	55.5277471885747
1829	39.4433877264995
1830	29.8328160977075
1831	26.7627723829546
1832	24.4936096372676
1833	24.6938298795341
1834	14.8162979277205
1835	14.5493376046985
1836	13.948676877899
1837	13.414756231855
1838	11.4792938899456
1839	10.8786331631461
1840	10.4114525978576
1841	9.94427203256915
1842	9.87753195181366
1843	9.94427203256915
1844	10.0110121133247
1845	9.41035138652517
1846	9.27687122501418
1847	8.94317082123669
1848	7.47488904461574
1849	5.93986718723929
1850	1.26806153435446
1851	1.13458137284346
1852	1.06784129208796
1853	5.7396469449728
1854	15.283478493009
1855	17.2189408349184
1856	17.2189408349184
1857	16.8852404311409
1858	16.7517602696299
1859	16.7517602696299
1860	16.7517602696299
1861	16.6850201888744
1862	16.6182801081189
1863	16.6182801081189
1864	16.6182801081189
1865	16.6182801081189
1866	16.6182801081189
1867	16.6182801081189
1868	16.6182801081189
1869	16.0843594620749
1870	0
