length	RPM
0	0
1	10.6124318433962
2	11.0183718592638
3	12.3521747685431
4	12.3521747685431
5	12.5261490610578
6	12.7001233535725
7	12.7001233535725
8	12.7001233535725
9	12.7001233535725
10	12.7001233535725
11	12.7001233535725
12	12.7001233535725
13	12.7001233535725
14	12.7001233535725
15	12.7001233535725
16	12.7001233535725
17	12.6421319227343
18	0.521922877544077
19	0.405940015867615
20	0.289957154191154
21	0.0579914308382308
22	0.0579914308382308
23	0.173974292514692
24	0.231965723352923
25	1.15982861676462
26	1.15982861676462
27	1.56576863263223
28	1.62376006347046
29	1.62376006347046
30	1.73974292514692
31	1.97170864849985
32	1.97170864849985
33	1.97170864849985
34	2.02970007933808
35	2.02970007933808
36	2.20367437185277
37	2.20367437185277
38	2.14568294101454
39	2.14568294101454
40	1.97170864849985
41	1.97170864849985
42	1.91371721766162
43	1.85572578682338
44	2.02970007933808
45	1.39179434011754
46	1.62376006347046
47	1.62376006347046
48	20.354992224219
49	28.0098610948655
50	33.8090041786885
51	40.4200272942467
52	44.4214360220846
53	54.7439107112897
54	83.043728960346
55	141.26712552193
56	203.433939380513
57	240.432472255304
58	278.938782331889
59	307.760523458489
60	378.336094788616
61	408.723604547848
62	441.43077154061
63	524.590483362633
64	656.636971381283
65	706.045670455456
66	760.557615443392
67	801.151617030153
68	1035.08904903158
69	1079.39450219198
70	1117.66884654522
71	1130.65892705298
72	1141.03939317302
73	1156.52310520683
74	1157.50895953108
75	1158.1468652703
76	1158.95874530204
77	1222.28538777738
78	1227.27265082947
79	1347.19892980293
80	1352.70811573256
81	1353.11405574843
82	1352.07020999334
83	1341.86371816581
84	1341.10982956492
85	1336.64448939037
86	1333.68692641762
87	1299.29800793055
88	750.293132185025
89	632.45454472174
90	539.030349641353
91	417.364327742745
92	403.272410049055
93	385.874980797586
94	374.392677491616
95	295.350357259108
96	286.129719755829
97	264.904856069037
98	259.743618724435
99	64.1965139379214
100	64.8344196771419
101	64.7764282463037
102	40.999941602629
103	71.3874513618619
104	87.0451376881838
105	93.0762464953598
106	99.2813295950505
107	117.258673154902
108	122.535893361181
109	130.538710816857
110	145.790457127311
111	216.482011319114
112	243.969949536435
113	266.528616132507
114	299.293774556107
115	346.904739274293
116	416.146507695141
117	447.867820363653
118	540.190178258116
119	644.748728059445
120	721.181433904232
121	754.874455221244
122	757.31009531645
123	766.124792803861
124	786.363802166404
125	805.848922928049
126	789.379356569991
127	799.875805551711
128	805.674948635534
129	816.171397617254
130	819.708874898386
131	674.324357786942
132	676.470040727956
133	676.00610928125
134	701.232381695879
135	675.542177834544
136	823.304343610356
137	870.741334036028
138	915.626701504818
139	961.555914728697
140	1027.66614588428
141	1140.74943601883
142	1170.84698862387
143	1178.21190034033
144	1184.01104342415
145	1188.76634075288
146	1170.32506574633
147	1055.32805839412
148	1031.31960602709
149	1036.36486051001
150	1043.61378936479
151	1048.25310383185
152	1055.27006696328
153	1058.3436127977
154	1056.77784416507
155	1041.46810642378
156	1027.37618873009
157	954.712925889785
158	844.065275850441
159	840.295832845956
160	841.397670031883
161	836.58438127231
162	832.930921129501
163	812.169988889415
164	740.666554665876
165	643.008985134299
166	634.020313354373
167	635.064159109461
168	606.068443690346
169	583.567768525113
170	573.245293835908
171	566.808245012865
172	577.246702563746
173	580.900162706555
174	580.958154137393
175	608.330109493038
176	426.237016660994
177	435.457654164273
178	614.709166885243
179	748.20544067485
180	782.420384869406
181	810.256271671756
182	819.128960590006
183	810.14028881008
184	785.145982118803
185	760.151675427525
186	749.133303568262
187	742.870229037733
188	741.014503250909
189	739.158777464086
190	698.564775877325
191	696.303110074634
192	694.273409995296
193	685.400721077047
194	502.263782489915
195	456.508543558551
196	438.5311999987
197	433.427954084935
198	399.734932767923
199	392.080063897277
200	393.239892514041
201	397.937198411938
202	402.518521448158
203	405.012152974202
204	405.476084420908
205	405.534075851746
206	404.258264373305
207	398.807069874512
208	381.061692038013
209	342.845339115619
210	306.890651995916
211	284.331985399845
212	147.878148637488
213	145.790457127312
214	76.664671568141
215	71.9093742394059
216	71.677408516053
217	71.0395027768325
218	69.1837769900091
219	63.2106596136713
220	63.3266424753478
221	64.0225396454066
222	65.1243768313329
223	68.1979226657592
224	68.7198455433033
225	69.0098026974944
226	54.6279278496132
227	54.7439107112897
228	55.9037393280543
229	58.4553622849364
230	61.5289081193626
231	54.4539535570985
232	55.0338678654808
233	56.7156193597895
234	59.9051480558922
235	67.6180083573769
236	76.8386458606554
237	107.690087066594
238	136.511828193194
239	225.934614545746
240	332.928804442281
241	442.126668710668
242	447.345897486109
243	484.112464637547
244	496.638613698605
245	495.130836496811
246	493.85502501837
247	494.956862204296
248	496.174682251899
249	491.767333508194
250	492.579213539929
251	496.580622267767
252	484.924344669283
253	474.659861410916
254	473.036101347446
255	469.440632635475
256	467.758881141167
257	467.932855433681
258	467.874864002843
259	468.686744034578
260	468.048838295358
261	469.846572651343
262	472.166229884872
263	472.514178469902
264	476.399604336063
265	483.358576036651
266	505.801259771046
267	527.200097750353
268	548.656927160499
269	549.526798623072
270	547.671072836249
271	528.707874952147
272	427.512828139435
273	421.945650778965
274	379.205966251189
275	315.009452313268
276	231.559783337055
277	212.422611160439
278	181.861127108691
279	171.770618142839
280	167.595235122486
281	151.241651626105
282	139.353408304268
283	133.670248082122
284	127.465164982431
285	118.824441787534
286	433.195988361583
287	829.915366725919
288	1240.84264564562
289	1397.361517478
290	2034.04943665094
291	2349.52282041091
292	2389.53690768929
293	2408.03617412668
294	2430.82680644611
295	2456.86495889247
296	2482.43917989213
297	2522.10531858548
298	2625.96797121675
299	2670.38940723884
300	2734.17998116089
301	2815.88990721196
302	3087.9277092741
303	3191.67437904369
304	3346.91743939763
305	3538.7530926105
306	3681.70196962674
307	3417.37702786608
308	3297.85668890849
309	3090.65330652349
310	2232.09017296349
311	1999.77650102554
312	1978.0297144612
313	1960.69027664057
314	1950.30981052053
315	1943.69878740497
316	1939.05947293791
317	1866.28022723593
318	1816.87152816176
319	1770.82633207621
320	1734.75566209483
321	798.542002642434
322	624.219761542713
323	596.325883309524
324	567.156193597894
325	546.105304203616
326	452.159186245683
327	452.449143399874
328	449.027648980419
329	396.487412640982
330	393.239892514041
331	385.06310076585
332	374.218703199101
333	367.72366294522
334	358.561016872779
335	340.52568188209
336	267.514470456757
337	136.33785390068
338	147.994131499164
339	141.383108383606
340	76.7806544298173
341	92.7862893411688
342	115.286964506402
343	192.299584659572
344	467.874864002844
345	626.481427345404
346	911.509309915308
347	1177.51600317027
348	1248.84546310129
349	1264.15520084259
350	1269.20045532551
351	1270.47626680395
352	1261.42960359319
353	1258.24007489709
354	1257.42819486535
355	1256.90627198781
356	1256.90627198781
357	1231.21606812647
358	1225.70688219684
359	1217.99402189535
360	1197.34907251694
361	1146.49058767182
362	1090.58684834376
363	1081.540185133
364	691.431829884222
365	689.22815551237
366	689.982044113267
367	321.15654398212
368	294.422494365696
369	175.656044009
370	137.32370822493
371	118.882433218372
372	115.750895953108
373	115.170981644726
374	105.370429833065
375	104.790515524683
376	103.746669769594
377	52.5402363394369
378	48.7128019041137
379	47.7269475798637
380	38.7962672307762
381	37.9263957682027
382	37.9263957682027
383	37.5204557523351
384	36.0706699813794
385	35.7807128271882
386	35.8387042580264
387	34.6208842104237
388	34.2729356253943
389	32.0692612535417
390	33.5190470244973
391	35.4907556729971
392	37.8104129065263
393	45.5812646388493
394	55.7877564663779
395	59.6151909017011
396	59.4412166091864
397	67.6759997882152
398	68.893819835818
399	70.9815113459943
400	78.9263373708315
401	113.779187304608
402	432.384108329847
403	438.415217137023
404	460.393969424712
405	461.901746626506
406	466.657043955241
407	473.616015655829
408	477.269475798637
409	470.94840983727
410	471.470332714814
411	468.222812587873
412	461.785763764829
413	453.840937739992
414	450.419443320536
415	450.535426182213
416	445.72213742264
417	428.788639617876
418	422.11962507148
419	75.7948001055672
420	75.5628343822143
421	72.2573228244353
422	73.0112114253323
423	71.6774085160531
424	72.6052714094647
425	73.8810828879057
426	69.0098026974945
427	71.4454427927002
428	87.2191119806985
429	156.808828986575
430	180.759289922764
431	196.590950541601
432	196.185010525734
433	204.767742289792
434	216.482011319114
435	226.630511715805
436	242.172215180451
437	254.9883213957
438	255.046312826538
439	253.65451848642
440	252.668664162171
441	252.03075842295
442	251.972766992112
443	244.027940967274
444	220.367437185276
445	216.540002749953
446	194.67723332394
447	144.166697063841
448	130.944650832724
449	118.30251890999
450	113.663204442932
451	111.343547209403
452	97.0196637923596
453	52.1342963235693
454	30.0395611742036
455	25.9221695846892
456	25.4582381379834
457	25.6322124304981
458	25.5742209996598
459	16.7595235122487
460	16.2376006347046
461	15.1357634487782
462	14.2079005553665
463	13.9179434011753
464	13.9179434011753
465	13.8019605394989
466	13.8019605394989
467	13.8019605394989
468	13.6859776778224
469	11.1923461517785
470	10.7864061359109
471	10.4964489817197
472	10.3804661200433
473	7.94482602483759
474	7.36491171645528
475	7.42290314729351
476	7.30692028561705
477	7.36491171645528
478	7.53888600896997
479	7.42290314729351
480	7.71286030148466
481	7.48089457813174
482	7.24892885477882
483	6.95897170058767
484	6.84298883891121
485	5.6831602221466
486	6.26307453052891
487	6.55303168472006
488	7.19093742394059
489	8.23478317902875
490	13.6279862469842
491	17.3974292514692
492	18.9631978841015
493	18.6732407299104
494	19.5431121924838
495	19.9490522083515
496	26.6760581855862
497	35.7807128271882
498	40.4780187250849
499	47.3210075639961
500	58.4553622849364
501	78.3464230624492
502	100.035218195947
503	113.953161597123
504	177.221812641632
505	185.340612958985
506	184.702707219764
507	176.757881194926
508	175.076129700618
509	173.742326791338
510	173.800318222177
511	174.496215392235
512	174.844163977265
513	177.163821210794
514	179.077538428456
515	179.889418460191
516	180.643307061088
517	179.309504151808
518	179.541469875161
519	178.671598412588
520	71.6774085160531
521	54.5119449879368
522	50.5105362600988
523	50.9164762759664
524	51.3804077226723
525	54.337970695422
526	58.5713451466129
527	65.9362568630683
528	70.1116398834208
529	78.6363802166404
530	82.2318489286105
531	86.2912490872868
532	90.7565892618306
533	91.2205207085364
534	91.1045378468599
535	90.8145806926688
536	90.9305635543453
537	91.8584264477569
538	92.7862893411686
539	101.311029674388
540	111.169572916888
541	117.026707431549
542	122.187944776152
543	126.595293519857
544	131.466573710269
545	120.680167574358
546	112.445384395329
547	75.1568943663467
548	72.6632628403029
549	68.371896958274
550	66.9801026181565
551	66.9801026181565
552	67.0380940489947
553	67.0380940489947
554	65.8782654322301
555	61.1229681034952
556	59.9051480558923
557	60.4270709334364
558	58.9192937316424
559	54.2219878337457
560	47.263016133158
561	44.1894702987317
562	43.6675474211877
563	48.9447676274667
564	48.8867761966285
565	45.8712217930404
566	45.6392560696875
567	43.6095559903494
568	40.478018725085
569	35.3167813804824
570	32.9391327161151
571	32.4752012694092
572	31.7793040993505
573	29.9815697433654
574	29.6916125891742
575	27.8358868023508
576	27.7199039406743
577	27.5459296481596
578	27.4879382173214
579	27.8358868023508
580	29.7496040200124
581	30.8514412059388
582	33.6350298861738
583	35.8387042580264
584	51.6123734460253
585	55.1498507271573
586	57.4115165298483
587	60.2530966409216
588	58.1654051307453
589	52.4822449085987
590	59.4412166091863
591	59.9631394867304
592	60.9489938109804
593	62.2827967202597
594	63.7325824912154
595	103.340729753727
596	106.762224173182
597	108.733932821682
598	109.603804284256
599	111.285555778564
600	112.503375826167
601	112.503375826167
602	111.459530071079
603	111.169572916888
604	110.473675746829
605	101.021072520197
606	100.441158211815
607	100.383166780977
608	99.2813295950504
609	97.4256038082271
610	97.4256038082271
611	97.3096209465507
612	94.2360751121245
613	84.8414633163311
614	75.3308686588613
615	67.4440340648622
616	56.5416450672749
617	36.7085757205999
618	36.4186185664087
619	35.6647299655118
620	14.2658919862047
621	13.8019605394989
622	14.4398662787194
623	14.7878148637488
624	14.2658919862047
625	14.2079005553665
626	13.9759348320136
627	13.9759348320136
628	13.2220462311166
629	13.2220462311166
630	12.7581147844107
631	12.7001233535725
632	12.7001233535725
633	12.5841404918961
634	12.4681576302196
635	4.05940015867615
636	4.05940015867615
637	4.11739158951438
638	3.82743443532323
639	3.65346014280854
640	3.71145157364677
641	3.13153726526446
642	3.24752012694092
643	3.18952869610269
644	2.49363152604392
645	2.66760581855862
646	3.53747728113208
647	2.14568294101454
648	3.24752012694092
649	3.65346014280854
650	5.56717736047014
651	8.35076604070522
652	12.2361919068667
653	17.6873864056604
654	25.0522981221157
655	31.4893469451594
656	49.8146390900401
657	70.923519915156
658	93.0762464953599
659	120.042261835137
660	148.168105791679
661	189.342021686822
662	218.453719967614
663	241.302343717877
664	251.624818407082
665	270.819982014536
666	286.361685479182
667	296.56817730671
668	307.06462628843
669	329.623292884501
670	346.846747843455
671	375.20455752335
672	407.273818776892
673	464.337386721711
674	563.618716316761
675	667.597351809707
676	763.689152708653
677	873.176974131233
678	973.270183758019
679	1042.04802073216
680	1082.93197947311
681	1088.03522538688
682	1227.04068510612
683	1433.54817032105
684	1434.30205892195
685	1444.10261073361
686	1456.97670837969
687	1466.31332874465
688	1476.75178629553
689	1459.47033990574
690	1483.30481798025
691	1499.77438433831
692	1468.28503739315
693	1397.8254489247
694	1275.81147844107
695	1174.44245733584
696	1234.86952826928
697	1001.39602771456
698	724.081005446141
699	656.405005657929
700	573.593242420937
701	473.905972810018
702	421.945650778964
703	390.28232954129
704	363.026357047322
705	325.795858449178
706	293.378648610608
707	274.183485003154
708	256.960030044199
709	241.650292302907
710	230.979869028672
711	229.124143241849
712	228.486237502628
713	224.48482877479
714	214.394319808938
715	212.190645437086
716	205.057699443983
717	196.764924834116
718	193.227447552984
719	192.299584659573
720	189.226038825146
721	126.421319227343
722	69.9376655909061
723	23.0225980427777
724	16.3535834963811
725	25.2262724146304
726	26.8500324781009
727	30.6774669134241
728	31.7213126685123
729	32.5911841310857
730	33.171098439468
731	33.6350298861738
732	34.3889184870707
733	37.0565243056293
734	38.6222929382616
735	39.3761815391586
736	40.7099844484379
737	42.1017787885554
738	42.6237016660995
739	43.4355816978348
740	43.6095559903495
741	42.9136588202907
742	41.6958387726878
743	22.9066151811012
744	20.8189236709249
745	27.0240067706156
746	41.8118216343643
747	63.9645482145684
748	83.8556089920811
749	132.278453742004
750	225.006751652334
751	245.245761014877
752	243.969949536436
753	247.739392540921
754	256.380115735817
755	255.858192858273
756	255.684218565758
757	258.061867230126
758	259.047721554376
759	259.685627293596
760	260.149558740302
761	259.56964443192
762	257.018021475038
763	247.971358264274
764	240.954395132848
765	238.866703622672
766	238.402772175966
767	237.880849298422
768	236.837003543334
769	236.31508066579
770	207.841288124218
771	70.169631314259
772	29.0537068499537
773	24.0084523670276
774	23.6605037819983
775	15.5417034646458
776	15.7736691879987
777	14.845806294587
778	14.7298234329106
779	15.6576863263222
780	16.9334978047633
781	19.6011036233221
782	21.8047779951749
783	21.9787522876896
784	23.8344780745129
785	39.8981044167025
786	48.1328875957314
787	55.7297650355396
788	60.4850623642745
789	61.5289081193626
790	61.876856704392
791	62.5727538744508
792	61.5289081193626
793	62.1088224277449
794	61.876856704392
795	62.5147624436126
796	63.9065567837301
797	66.5161711714505
798	66.632154033127
799	66.2842054480976
800	62.1668138585832
801	61.9928395660685
802	58.2813879924218
803	57.4695079606865
804	57.0055765139807
805	56.077713620569
806	55.6717736047014
807	55.6137821738632
808	55.3818164505102
809	43.3775902669964
810	39.8401129858642
811	37.8684043373644
812	35.9546871197029
813	35.6067385346736
814	34.5049013487473
815	28.5317839724097
816	30.7934497751006
817	20.9349065326014
818	19.6590950541603
819	19.7750779158367
820	19.6590950541603
821	19.4851207616456
822	16.1216177730281
823	16.353583496381
824	16.353583496381
825	16.5275577888957
826	17.2234549589545
827	17.2814463897928
828	17.339437820631
829	17.7453778364986
830	17.7453778364986
831	19.9490522083515
832	20.0650350700279
833	21.5728122718219
834	23.8344780745129
835	26.7920410472627
836	32.7071669927622
837	35.0848156571295
838	37.9843871990409
839	39.5501558316731
840	40.0720787092172
841	36.998532874791
842	36.5925928589234
843	36.8825500131146
844	37.8684043373644
845	45.9872046547168
846	48.2488704574078
847	53.2941249403339
848	61.1809595343333
849	68.4878798199504
850	98.179492409124
851	107.980044220785
852	154.66314604556
853	187.022364453293
854	212.132654006247
855	283.868053953138
856	294.422494365696
857	304.744969054901
858	323.244235492296
859	346.03486781172
860	351.94999375722
861	358.908965457808
862	373.000883151498
863	383.43934070238
864	395.385575455055
865	442.648591588213
866	458.074312191182
867	475.413750011813
868	476.399604336063
869	475.877681458519
870	431.572228298111
871	422.931505103215
872	419.625993545436
873	389.528440940394
874	380.771734883821
875	376.480369001792
876	369.811354455396
877	367.433705791028
878	401.822624278099
879	409.65146744126
880	448.099786087007
881	480.748961648931
882	538.044495317102
883	540.770092566499
884	552.310387303307
885	535.144923775191
886	549.700772915587
887	544.307569847631
888	567.156193597894
889	585.829434327804
890	607.750195184655
891	636.339970587902
892	706.509601902158
893	710.569002060834
894	711.554856385084
895	713.004642156039
896	736.723137368876
897	767.458595713138
898	795.410465377165
899	842.847455802838
900	872.829025546203
901	902.694612427892
902	904.144398198847
903	907.043969740759
904	887.094917532408
905	855.54757915641
906	843.775318696249
907	798.889951227458
908	733.997540119478
909	705.46575614707
910	699.260673047379
911	695.897170058762
912	697.346955829718
913	702.450201743482
914	554.746027398512
915	575.159011053569
916	589.598877332288
917	579.102428350568
918	597.949643372994
919	564.488587779335
920	577.884608302966
921	556.195813169468
922	585.481485742774
923	689.460121235719
924	748.553389259878
925	728.720319913203
926	716.310153713822
927	708.887250566528
928	704.769858977014
929	682.443158104295
930	635.644073417842
931	540.712101135661
932	508.29489129709
933	487.591950487842
934	457.146449297771
935	435.283679871758
936	408.201681670304
937	387.03480941435
938	358.676999734455
939	170.842755249427
940	91.2205207085363
941	86.4072319489632
942	52.2502791852457
943	30.4455011900713
944	31.1993897909683
945	26.1541353080422
946	26.6760581855863
947	34.9688327954531
948	34.2149441945561
949	36.3026357047323
950	35.7807128271883
951	35.7807128271883
952	35.8966956888647
953	33.7510127478503
954	35.4327642421589
955	42.2177616502318
956	66.2842054480976
957	68.4298883891121
958	70.1116398834208
959	71.3294599310236
960	77.0706115840082
961	81.3619774660371
962	85.8853090714191
963	87.6830434274043
964	90.872572123507
965	93.5401779420656
966	97.0776552231976
967	122.129953345313
968	128.045079290813
969	134.830076698886
970	148.168105791679
971	148.921994392576
972	149.327934408443
973	151.241651626105
974	154.953103199752
975	189.342021686822
976	205.869579475718
977	247.333452525053
978	285.259848293256
979	451.869229091491
980	633.672364769343
981	2403.10690250543
982	2690.86038232473
983	2975.25035915541
984	3086.36194064146
985	3133.62495677462
986	3122.08466203781
987	3098.19219253246
988	3096.56843246899
989	3095.87253529893
990	3084.73818057799
991	3065.4850255397
992	3064.55716264629
993	3056.78631091397
994	3036.6632844131
995	3026.63076687809
996	2871.90962940169
997	2860.36933466488
998	2853.23638867178
999	2600.45174164793
1000	2568.96239470277
1001	2548.25945389352
1002	1389.18472572981
1003	1352.7661071634
1004	1310.49035408233
1005	1038.162594866
1006	818.085114834918
1007	677.513886483047
1008	441.024831524743
1009	255.568235704082
1010	253.596527055582
1011	253.886484209773
1012	253.132595608876
1013	251.856784130435
1014	252.03075842295
1015	251.160886960376
1016	244.027940967274
1017	240.084523670274
1018	200.592359269439
1019	201.346247870336
1020	188.646124516764
1021	126.653284950695
1022	119.810296111784
1023	137.033751070739
1024	1328.23573191883
1025	1358.15931023136
1026	1387.90891425137
1027	1421.83390129174
1028	2035.44123099105
1029	2091.22898745743
1030	2141.68153228669
1031	2165.68998465372
1032	2238.52722178654
1033	2278.71528335743
1034	2356.59777497317
1035	2423.2299290063
1036	2451.99367870206
1037	2458.54671038678
1038	2459.76453043438
1039	2550.8110768504
1040	2625.38805690837
1041	2630.83925140716
1042	2631.59314000806
1043	2632.46301147063
1044	2632.23104574728
1045	2631.65113143889
1046	2622.43049393562
1047	2624.80814259998
1048	2629.85339708291
1049	2575.57341781833
1050	2571.45602622881
1051	2550.11517968034
1052	2546.28774524502
1053	2532.83373329055
1054	2528.54236740852
1055	2509.63716095526
1056	2408.26813985003
1057	2242.29666479102
1058	2232.32213868684
1059	1450.53965955666
1060	1443.9286364411
1061	1435.46188753872
1062	1398.5793375256
1063	138.135588256665
1064	124.797559163872
1065	93.3082122187124
1066	77.4185601690377
1067	78.3464230624493
1068	81.9418917744194
1069	77.3605687381994
1070	81.3619774660371
1071	91.3365035702126
1072	97.3676123773887
1073	103.050772599535
1074	106.472267018991
1075	106.878207034859
1076	101.137055381874
1077	98.0635095474475
1078	97.1356466540359
1079	99.2813295950504
1080	101.60098682858
1081	101.658978259418
1082	117.142690293225
1083	135.873922453974
1084	137.555673948283
1085	134.250162390504
1086	133.090333773739
1087	129.320890769254
1088	129.668839354283
1089	130.306745093504
1090	130.074779370151
1091	168.465106585059
1092	222.223162972099
1093	230.39995472029
1094	238.460763606804
1095	249.537126896906
1096	290.189119914506
1097	376.480369001792
1098	343.715210578192
1099	326.027824172532
1100	322.896286907267
1101	325.215944140797
1102	326.491755619238
1103	326.08581560337
1104	323.824149800679
1105	316.169280930033
1106	288.10142840433
1107	287.11557408008
1108	279.750662363624
1109	279.924636656139
1110	280.156602379492
1111	273.255622109743
1112	154.315197460531
1113	143.470799893783
1114	128.79896789171
1115	127.755122136622
1116	128.624993599195
1117	128.277045014166
1118	120.680167574358
1119	108.907907114197
1120	102.470858291153
1121	105.486412694741
1122	116.156835968976
1123	119.926278973461
1124	123.521747685431
1125	123.463756254593
1126	116.446793123167
1127	113.025298703711
1128	114.127135889638
1129	117.142690293226
1130	106.994189896535
1131	103.804661200433
1132	101.079063951036
1133	96.0918008989478
1134	62.9786938903185
1135	60.3110880717598
1136	63.7905739220537
1137	62.7467281669655
1138	61.0069852418186
1139	59.093268024157
1140	51.6703648768634
1141	43.1456245436435
1142	35.4907556729971
1143	34.8528499337766
1144	34.2149441945561
1145	32.9391327161151
1146	32.7071669927622
1147	33.8669956095267
1148	35.200798518806
1149	33.6350298861738
1150	34.3309270562326
1151	34.0989613328797
1152	33.6930213170121
1153	34.3309270562326
1154	37.4044728906586
1155	38.3323357840702
1156	40.1880615708937
1157	42.9136588202906
1158	44.4794274529228
1159	43.9575045753787
1160	43.9575045753787
1161	43.3775902669964
1162	35.9546871197029
1163	36.0706699813794
1164	35.7807128271883
1165	35.2587899496442
1166	35.0848156571295
1167	34.3889184870708
1168	33.8090041786885
1169	34.3309270562326
1170	34.2149441945561
1171	35.200798518806
1172	37.4044728906586
1173	43.8995131445404
1174	49.0027590583047
1175	51.4963905843487
1176	56.4836536364365
1177	62.0508309969067
1178	74.1710400420969
1179	155.417034646457
1180	163.477843532971
1181	192.763516106278
1182	252.378707007979
1183	279.808653794462
1184	309.326292091121
1185	323.302226923134
1186	330.145215762045
1187	331.652992963839
1188	332.116924410545
1189	331.247052947971
1190	330.377181485398
1191	329.739275746178
1192	329.565301453663
1193	331.015087224619
1194	333.508718750662
1195	336.87222173928
1196	340.003759004544
1197	338.322007510235
1198	337.104187462633
1199	336.87222173928
1200	295.002408674078
1201	156.402888970707
1202	136.511828193194
1203	64.0225396454065
1204	62.2248052894214
1205	62.3407881510978
1206	62.6887367361272
1207	61.5289081193626
1208	60.8330109493038
1209	47.9589133032166
1210	42.9716502511287
1211	41.1739158951436
1212	38.0423786298791
1213	34.446909917909
1214	31.7793040993506
1215	20.4709750858955
1216	18.3252921448809
1217	17.9193521290133
1218	13.6279862469842
1219	13.5120033853077
1220	13.338029092793
1221	6.49504025388183
1222	6.08910023801422
1223	5.79914308382306
1224	5.04525448292607
1225	4.81328875957315
1226	2.95756297274977
1227	1.27581147844108
1228	0.811880031735231
1229	1.507777201794
1230	7.48089457813176
1231	11.3663204442932
1232	12.9900805077637
1233	13.2220462311166
1234	13.5120033853078
1235	13.5120033853078
1236	13.5120033853078
1237	13.5120033853078
1238	13.5120033853078
1239	13.5120033853078
1240	13.8599519703371
1241	13.9179434011754
1242	14.6138405712341
1243	15.07777201794
1244	15.4257206029694
1245	15.4257206029694
1246	15.0197805871017
1247	7.01696313142591
1248	3.88542586616146
1249	5.39320306795545
1250	11.7722604601608
1251	15.0197805871017
1252	20.2970007933808
1253	35.3747728113206
1254	39.0862243849674
1255	39.8401129858644
1256	40.8839587409525
1257	41.753830203526
1258	43.4935731286729
1259	49.5826733666872
1260	72.953219994494
1261	91.626460724404
1262	108.79192425252
1263	135.583965299783
1264	161.274169161119
1265	200.88231642363
1266	223.904914466408
1267	227.616366040055
1268	234.807303463995
1269	244.897812429847
1270	259.22169584689
1271	274.589425019021
1272	304.802960485739
1273	368.245585822762
1274	494.202973603399
1275	661.972183018399
1276	907.73986691082
1277	1071.44967616714
1278	1303.4733909509
1279	1377.29648240797
1280	1423.51565278604
1281	1373.35306511097
1282	1342.26965818168
1283	1343.13952964425
1284	1332.00517492331
1285	1313.3319341934
1286	1308.1706968488
1287	1310.43236265149
1288	1305.96702247695
1289	1311.01227695987
1290	1291.70113049074
1291	1295.81852208026
1292	1303.87933096677
1293	1037.17674054175
1294	1028.94195736272
1295	1025.81042009746
1296	1007.19517079838
1297	1008.52897370766
1298	974.140055220592
1299	964.629460563123
1300	972.284329433769
1301	971.008517955328
1302	973.386166619696
1303	973.850098066401
1304	969.32676646102
1305	963.701597669711
1306	960.686043266124
1307	957.728480293374
1308	956.742625969124
1309	954.133011581404
1310	938.069385239214
1311	937.025539484126
1312	935.517762282332
1313	891.386283414439
1314	892.604103462042
1315	814.66362041546
1316	812.981868921151
1317	262.353233112154
1318	223.209017296349
1319	212.190645437085
1320	180.52732419941
1321	164.637672149736
1322	154.141223168016
1323	128.798967891709
1324	124.913542025548
1325	129.030933615062
1326	125.319482041415
1327	127.813113567459
1328	145.558491403958
1329	149.907848716825
1330	151.70558307281
1331	155.996948954839
1332	148.748020100061
1333	142.600928431208
1334	141.963022691988
1335	134.134179528827
1336	131.756530864459
1337	129.43687363093
1338	135.178025283915
1339	160.926220576089
1340	206.10154519907
1341	276.90908225255
1342	351.312088017998
1343	399.386984182892
1344	432.268125468169
1345	444.040385928329
1346	491.593359215678
1347	523.66262046922
1348	559.733290450599
1349	636.39796201874
1350	681.515295210881
1351	798.542002642431
1352	874.858725625542
1353	918.758238770082
1354	936.619599468258
1355	978.721378256813
1356	1016.41580830166
1357	1016.58978259418
1358	1008.70294800018
1359	1002.671839193
1360	986.608212850813
1361	983.824624170578
1362	974.140055220593
1363	974.024072358917
1364	1031.0296488729
1365	1183.7790777008
1366	1190.73804940138
1367	1226.57675365941
1368	1313.27394276256
1369	1799.06815889442
1370	1918.4145235595
1371	2038.92071684134
1372	2102.07338502417
1373	2163.02237883515
1374	2317.22159343401
1375	2347.02918888486
1376	2404.26673112219
1377	2656.06552382178
1378	3558.23821337214
1379	3896.56022088237
1380	4105.6193290542
1381	4526.17318549305
1382	4845.53199511918
1383	5331.03625409683
1384	5469.57778236936
1385	5692.09090249564
1386	5749.676393318
1387	5778.67210873712
1388	5783.54338892753
1389	5783.9493289434
1390	5775.36659717934
1391	5767.47976258534
1392	5764.6961739051
1393	5641.8123319589
1394	5497.64563489506
1395	5397.14648525241
1396	4823.84319998568
1397	4657.75574206499
1398	4564.21556412293
1399	4335.03342945024
1400	4173.41131170409
1401	3584.39234868018
1402	3523.50134630004
1403	3503.95823410756
1404	2740.15309853722
1405	2279.58515482
1406	2260.15802548919
1407	1428.09697582226
1408	1358.04332736968
1409	1070.1738646887
1410	1061.24318433962
1411	1054.05224691568
1412	1029.0579402244
1413	1019.48935413609
1414	1011.66051097293
1415	1012.0664509888
1416	1006.78923078252
1417	965.383349164023
1418	900.954869502749
1419	342.961321977295
1420	327.825558528517
1421	395.617541178408
1422	431.862185452302
1423	491.59335921568
1424	484.344430360901
1425	484.112464637548
1426	486.722079025269
1427	486.606096163592
1428	486.490113301916
1429	486.66408759443
1430	487.070027610298
1431	486.606096163592
1432	485.968190424372
1433	481.270884526475
1434	461.089866594771
1435	399.328992752055
1436	379.84387199041
1437	449.549571857963
1438	1064.49070446656
1439	1133.32653287154
1440	1148.17233916613
1441	1151.12990213888
1442	1356.01362729034
1443	1451.17756529588
1444	1497.6287013973
1445	1530.68381697509
1446	1888.08500523111
1447	1959.00852514626
1448	2046.40161141948
1449	2075.51330970027
1450	2075.57130113111
1451	2069.83014947812
1452	2067.10455222873
1453	2065.82874075029
1454	2059.68164908143
1455	2038.80473397967
1456	2036.13712816111
1457	2034.86131668267
1458	2024.8867905785
1459	2022.21918475994
1460	2017.57987029288
1461	1991.59970927735
1462	1917.60264352777
1463	1150.37601353798
1464	373.348831736527
1465	242.404180903803
1466	239.968540808598
1467	239.388626500215
1468	217.467865643364
1469	218.91765141432
1470	233.589483416392
1471	260.613490187008
1472	265.484770377419
1473	267.456479025919
1474	261.483361649581
1475	264.672890345684
1476	268.152376195977
1477	275.28532218908
1478	291.464931392946
1479	293.668605764799
1480	284.505959692358
1481	295.698305844137
1482	349.224396507823
1483	410.173390318804
1484	512.180317163251
1485	630.540827504079
1486	858.157193544133
1487	1103.05500597398
1488	1363.78447902266
1489	1649.50825876263
1490	1626.31168642733
1491	1627.64548933661
1492	1627.41352361326
1493	1629.32724083092
1494	1629.79117227763
1495	1630.89300946355
1496	1631.4149323411
1497	1629.38523226176
1498	1625.03587494889
1499	1608.74028288335
1500	1606.59459994234
1501	1594.76434805134
1502	1416.49868965462
1503	1431.17052165669
1504	1456.86072551802
1505	1492.17750689851
1506	1683.49123723383
1507	2081.89236709247
1508	2588.33153260273
1509	3039.67883881668
1510	3208.25992826342
1511	3630.61151905825
1512	3863.56309673542
1513	4029.59256322528
1514	4090.71553132877
1515	4092.2812999614
1516	4082.53873958058
1517	3969.04950943016
1518	3905.5488926623
1519	3566.530987982
1520	3539.85492979642
1521	3551.97513884161
1522	3525.82100353357
1523	3516.7743403228
1524	3439.99368589298
1525	3381.71229790056
1526	3332.59355598058
1527	3310.73078655457
1528	3103.75936989293
1529	3089.84142649175
1530	1726.86882750082
1531	1644.4630042797
1532	1672.18290822037
1533	2745.4303187435
1534	2904.03688208606
1535	3276.16789377499
1536	3255.69691868909
1537	3235.80585791158
1538	3231.2825263062
1539	3195.67578777152
1540	3133.79893106713
1541	3062.41147970527
1542	3038.46101876908
1543	3003.02825452693
1544	2985.10890239791
1545	2387.68118190246
1546	2375.32900713392
1547	2375.67695571895
1548	2321.33898502353
1549	2304.69544437296
1550	2237.7153417548
1551	2011.60675291654
1552	1433.14223030519
1553	1300.39984511648
1554	179.135529859294
1555	167.595235122486
1556	124.623584871357
1557	122.361919068666
1558	117.142690293226
1559	112.0974358103
1560	105.370429833065
1561	75.0409115046702
1562	74.229031472935
1563	70.9815113459942
1564	70.2276227450972
1565	60.6590366567893
1566	53.0621592169811
1567	45.3492989154964
1568	44.8273760379523
1569	17.5714035439839
1570	17.3974292514692
1571	17.2234549589545
1572	17.1654635281163
1573	16.1216177730281
1574	15.6576863263223
1575	11.6562775984844
1576	9.33662036495513
1577	9.16264607244044
1578	9.56858608830805
1579	12.9900805077637
1580	14.6138405712341
1581	15.6576863263223
1582	16.4695663580575
1583	16.7015320814104
1584	19.7750779158368
1585	20.0070436391897
1586	21.8047779951748
1587	24.4723838137335
1588	25.2262724146305
1589	27.5459296481597
1590	29.9235783125271
1591	31.8372955301887
1592	33.693021317012
1593	40.0140872783792
1594	54.2799792645839
1595	65.0083939696566
1596	72.6632628403028
1597	77.7665087540669
1598	84.3775318696253
1599	90.8725721235071
1600	121.955979052799
1601	130.712685109372
1602	144.108705633003
1603	157.040794709928
1604	157.852674741663
1605	158.142631895854
1606	158.896520496751
1607	163.651817825486
1608	170.146858079368
1609	172.988438190441
1610	163.129894947942
1611	160.23032340603
1612	157.214769002442
1613	154.257206029693
1614	152.40148024287
1615	145.790457127311
1616	142.368962707856
1617	107.110172758212
1618	101.832952551933
1619	79.796208833405
1620	78.4044144932875
1621	76.6066801373024
1622	75.6788172438907
1623	65.7042911397153
1624	65.2983511238477
1625	65.0663854004948
1626	64.6604453846272
1627	43.5515645595112
1628	23.2545637661306
1629	17.2234549589545
1630	14.323883417043
1631	15.1357634487782
1632	15.4837120338076
1633	15.3677291721311
1634	15.4257206029693
1635	15.1937548796164
1636	12.4681576302196
1637	11.0183718592638
1638	10.9023889975874
1639	10.6124318433962
1640	7.9448260248376
1641	7.13294599310237
1642	6.95897170058768
1643	6.20508309969068
1644	6.20508309969068
1645	6.14709166885245
1646	6.49504025388183
1647	6.66901454639653
1648	7.30692028561706
1649	8.11880031735229
1650	8.52474033321991
1651	9.04666321076398
1652	9.04666321076398
1653	9.10465464160221
1654	9.10465464160221
1655	9.10465464160221
1656	8.87268891824929
1657	8.87268891824929
1658	8.93068034908752
1659	8.23478317902875
1660	8.23478317902875
1661	7.59687743980822
1662	8.29277460986699
1663	10.554440412558
1664	12.5261490610578
1665	13.4540119544695
1666	15.7156777571605
1667	18.1513178523662
1668	20.6449493784102
1669	25.9221695846892
1670	30.6194754825859
1671	41.8118216343643
1672	50.6265191217754
1673	57.7014736840395
1674	66.1682225864212
1675	73.8810828879057
1676	90.5246235384775
1677	112.387392964491
1678	138.135588256665
1679	142.079005553665
1680	144.8625942339
1681	157.96865760334
1682	172.234549589544
1683	187.718261623352
1684	196.011036233218
1685	199.026590636806
1686	200.302402115247
1687	201.984153609556
1688	203.549922242188
1689	205.11569087482
1690	205.173682305659
1691	206.10154519907
1692	205.927570906556
1693	206.10154519907
1694	160.056349113516
1695	151.589600211134
1696	151.821565934487
1697	158.200623326693
1698	159.360451943457
1699	183.078947156293
1700	187.254330176646
1701	195.489113355675
1702	172.872455328764
1703	169.856900925176
1704	170.610789526073
1705	162.20203205453
1706	162.607972070398
1707	163.419852102133
1708	166.029466489853
1709	163.883783548839
1710	165.101603596442
1711	175.830018301515
1712	177.047838349118
1713	239.214652207701
1714	335.886367415031
1715	370.855200210484
1716	475.587724304329
1717	583.277811370923
1718	642.081122240888
1719	698.100844430619
1720	785.319956411318
1721	838.788055644166
1722	822.434472147785
1723	823.768275057065
1724	849.168521764209
1725	865.754070983943
1726	865.406122398914
1727	897.30140935994
1728	944.448442631422
1729	997.046670401697
1730	1053.64630689981
1731	1397.01356889297
1732	1432.38834170429
1733	1463.6457229261
1734	1451.35153958839
1735	1407.74198359804
1736	1373.29507368014
1737	1337.92030086881
1738	1308.51864543383
1739	1198.68287542622
1740	1023.49076286393
1741	951.929337209555
1742	900.722903779398
1743	825.971949428918
1744	802.717385662788
1745	796.744268286451
1746	772.619833057747
1747	743.798091931146
1748	226.456537423291
1749	168.001175138354
1750	141.963022691988
1751	115.576921660594
1752	87.1611205498607
1753	80.8400545884935
1754	73.4751428720382
1755	76.6646715681408
1756	102.760815445344
1757	105.544404125579
1758	101.658978259418
1759	102.760815445344
1760	103.108764030374
1761	111.169572916888
1762	114.069144458799
1763	100.673123935168
1764	101.658978259418
1765	112.329401533652
1766	150.371780163532
1767	225.528674529878
1768	719.499682409926
1769	800.223754136743
1770	817.04126907983
1771	849.80642750343
1772	900.374955194366
1773	975.125909544846
1774	1084.96167955245
1775	1256.79028912613
1776	1467.06721734555
1777	1839.19822903448
1778	2115.23743982446
1779	2159.77485870822
1780	2217.5343238231
1781	2296.40266976309
1782	2411.97959142368
1783	2482.90311133884
1784	2650.96227790802
1785	2764.56749092011
1786	3630.43754476574
1787	4244.5667973426
1788	4622.61293497702
1789	4867.80070456106
1790	4979.43420892466
1791	4984.07352339171
1792	5057.37469197124
1793	5118.67163436724
1794	5140.99833523996
1795	5083.76079300263
1796	4798.09500469351
1797	4424.34023294111
1798	3797.10491699481
1799	3735.8079745988
1800	3720.0343054108
1801	3711.56755650842
1802	3698.86743315485
1803	2293.15514963615
1804	1748.55762263432
1805	1738.52510509931
1806	1578.52674741663
1807	1502.21002443352
1808	1333.0490206784
1809	1186.73664067355
1810	1145.44674191673
1811	1067.79621602434
1812	804.167171433741
1813	322.896286907266
1814	317.445092408473
1815	313.095735095606
1816	306.716677703401
1817	303.875097592328
1818	284.158011107329
1819	270.877973445374
1820	267.398487595081
1821	256.902038613361
1822	181.339204231147
1823	156.170923247354
1824	153.967248875502
1825	149.211951546767
1826	147.646182914135
1827	122.651876222857
1828	96.6137237764919
1829	72.5472799786264
1830	49.5246819358489
1831	46.6831018247756
1832	44.769384607114
1833	45.3492989154963
1834	20.0650350700279
1835	20.8189236709249
1836	19.833069346675
1837	19.3691378999691
1838	17.8613606981751
1839	17.0494806664398
1840	16.5275577888957
1841	16.4115749272193
1842	16.2955920655428
1843	16.353583496381
1844	16.353583496381
1845	15.7736691879987
1846	15.4837120338076
1847	14.7298234329106
1848	11.7722604601608
1849	8.17679174819052
1850	1.33380290927931
1851	1.21782004760285
1852	1.21782004760285
1853	2.20367437185277
1854	5.68316022214661
1855	6.14709166885245
1856	6.08910023801422
1857	5.97311737633776
1858	5.62516879130838
1859	5.56717736047015
1860	5.50918592963192
1861	5.50918592963192
1862	5.50918592963192
1863	5.50918592963192
1864	5.50918592963192
1865	5.39320306795546
1866	5.277220206279
1867	5.277220206279
1868	5.277220206279
1869	4.69730589789669
1870	0.0579914308382308
