length	RPM
0	0
1	78.7532317279949
2	78.8369227287685
3	108.881992006505
4	108.881992006505
5	108.881992006505
6	108.881992006505
7	111.643795032035
8	111.643795032035
9	111.643795032035
10	111.643795032035
11	111.643795032035
12	111.643795032035
13	111.643795032035
14	111.643795032035
15	111.643795032035
16	102.605166948482
17	79.1716867318631
18	79.0879957310895
19	60.0064475546996
20	44.1051574077081
21	44.1051574077081
22	44.2725394092554
23	45.6952864224072
24	49.8798364610892
25	57.1609535283959
26	57.1609535283959
27	57.1609535283959
28	57.1609535283959
29	57.1609535283959
30	57.2446445291695
31	57.2446445291695
32	39.7532253674788
33	37.8283323496851
34	37.8283323496851
35	37.8283323496851
36	21.8433512019199
37	21.8433512019199
38	21.8433512019199
39	19.9184581841262
40	19.9184581841262
41	19.751076182579
42	12.4699591152723
43	12.4699591152723
44	12.4699591152723
45	12.302577113725
46	12.302577113725
47	12.3862681144987
48	17.9098741655589
49	17.9935651663325
50	17.9935651663325
51	17.9935651663325
52	145.957105349227
53	163.783288514012
54	166.71247354109
55	166.71247354109
56	207.637372919399
57	238.351970203325
58	241.866992235818
59	241.783301235044
60	231.321926138339
61	231.321926138339
62	250.068710311634
63	248.562272297709
64	251.826221327881
65	256.094462367336
66	262.036523422265
67	262.036523422265
68	262.036523422265
69	262.036523422265
70	262.036523422265
71	262.036523422265
72	260.864849411434
73	260.948540412207
74	260.948540412207
75	267.894893476419
76	236.510768186305
77	98.0858529067057
78	118.590148096247
79	130.474270206104
80	169.809040569714
81	209.897029940288
82	186.630931725216
83	163.699597513239
84	163.699597513239
85	163.699597513239
86	165.038653525617
87	165.038653525617
88	165.038653525617
89	165.206035527164
90	165.206035527164
91	158.343373463726
92	158.343373463726
93	158.343373463726
94	158.343373463726
95	155.497879437422
96	100.847655932236
97	100.847655932236
98	104.195295963181
99	94.4034488726655
100	77.4978667163903
101	69.2961486405736
102	9.20601008510036
103	9.20601008510036
104	22.5965702088827
105	106.036497980201
106	123.527917141892
107	133.319764232408
108	159.180283471462
109	235.171712173927
110	238.268279202551
111	254.420642351864
112	270.907769504271
113	521.562316821324
114	637.80911689591
115	666.012984156626
116	681.328437298202
117	693.045177406512
118	699.322002464535
119	699.322002464535
120	703.590243503991
121	703.590243503991
122	703.590243503991
123	703.590243503991
124	703.590243503991
125	703.590243503991
126	707.02157453571
127	700.493676475366
128	700.995822480008
129	422.806935908426
130	359.787612325876
131	298.693181761119
132	270.489314500402
133	96.2446508896856
134	78.7532317279949
135	72.5600976707456
136	80.9291977481095
137	78.0000127210321
138	101.851947941519
139	104.027913961634
140	104.027913961634
141	106.622334985617
142	106.371261983296
143	115.075126063755
144	115.075126063755
145	138.927061284241
146	170.980714580545
147	162.025777497766
148	175.91848362619
149	173.324062602207
150	173.324062602207
151	173.324062602207
152	190.982863765445
153	203.620204882265
154	203.620204882265
155	203.620204882265
156	199.351963842809
157	193.493593788654
158	193.493593788654
159	188.723206744557
160	188.723206744557
161	182.195308684213
162	192.740374781692
163	192.656683780918
164	182.948527691176
165	179.517196659457
166	154.409896427365
167	144.366976334528
168	124.281136148855
169	116.916328080775
170	90.3025898347572
171	90.3025898347572
172	90.3025898347572
173	90.3025898347572
174	82.1845627597141
175	82.1845627597141
176	80.3433607426941
177	80.3433607426941
178	43.2682473999717
179	43.2682473999717
180	9.54077408819491
181	5.77467905338113
182	5.77467905338113
183	5.77467905338113
184	5.77467905338113
185	5.77467905338113
186	5.77467905338113
187	5.77467905338113
188	5.77467905338113
189	5.77467905338113
190	5.77467905338113
191	5.77467905338113
192	5.77467905338113
193	12.8047231183669
194	12.8047231183669
195	12.7210321175932
196	12.7210321175932
197	12.7210321175932
198	12.7210321175932
199	12.7210321175932
200	12.7210321175932
201	12.7210321175932
202	12.7210321175932
203	12.7210321175932
204	12.7210321175932
205	12.7210321175932
206	12.7210321175932
207	12.7210321175932
208	21.0901321949572
209	21.0901321949572
210	21.0901321949572
211	21.0901321949572
212	28.8733952669057
213	53.3111674928084
214	46.2811234278227
215	46.2811234278227
216	40.5901353752152
217	40.5901353752152
218	40.5901353752152
219	40.5901353752152
220	40.5901353752152
221	40.5901353752152
222	40.5901353752152
223	40.5901353752152
224	40.5901353752152
225	40.5901353752152
226	40.5901353752152
227	40.5901353752152
228	40.5901353752152
229	32.8068723032667
230	15.0643801392551
231	7.28111706730665
232	7.19742606653301
233	0
234	0
235	0
236	0
237	0
238	0
239	0
240	0
241	0
242	0
243	0
244	0
245	0
246	0
247	0
248	0
249	0
250	0
251	0
252	0
253	0
254	0
255	0
256	0
257	0
258	0
259	0
260	0
261	0
262	0
263	0
264	0
265	0.167382001547279
266	5.85837005415477
267	66.2832726127226
268	73.8154626823502
269	73.8154626823502
270	73.8154626823502
271	73.8154626823502
272	73.8154626823502
273	73.8154626823502
274	73.8154626823502
275	73.8154626823502
276	73.8154626823502
277	73.8154626823502
278	86.5364947999434
279	86.5364947999434
280	94.4034488726655
281	94.4034488726655
282	55.1523695098285
283	44.0214664069344
284	44.0214664069344
285	72.4764066699719
286	103.274694954671
287	103.274694954671
288	103.274694954671
289	112.145941036677
290	131.394871214614
291	139.178134286562
292	139.178134286562
293	139.178134286562
294	139.178134286562
295	139.178134286562
296	134.156674240144
297	141.521482308224
298	150.141655387909
299	150.141655387909
300	134.407747242465
301	134.407747242465
302	134.658820244786
303	141.688864309771
304	147.045088359284
305	147.045088359284
306	137.336932269542
307	137.336932269542
308	120.933496117909
309	111.97855903513
310	82.1008717589405
311	81.0128887488832
312	73.0622436753874
313	72.9785526746138
314	72.9785526746138
315	65.948508609628
316	65.948508609628
317	63.8562335902871
318	63.8562335902871
319	63.8562335902871
320	51.7210384781093
321	24.7725362289973
322	24.7725362289973
323	20.9227501934099
324	20.9227501934099
325	20.9227501934099
326	20.9227501934099
327	20.9227501934099
328	13.5579421253296
329	13.5579421253296
330	13.5579421253296
331	21.8433512019199
332	22.1781152050145
333	22.1781152050145
334	23.68455321894
335	17.7424921640116
336	18.1609471678798
337	18.1609471678798
338	18.1609471678798
339	11.6330491075359
340	10.5450660974786
341	10.7124480990259
342	10.7124480990259
343	10.7124480990259
344	10.7124480990259
345	10.7124480990259
346	10.7124480990259
347	10.7124480990259
348	10.7124480990259
349	10.7124480990259
350	12.8047231183669
351	12.8047231183669
352	20.671677191089
353	61.4291945678515
354	53.1437854912611
355	74.1502266854447
356	90.1352078332099
357	99.5922909206311
358	115.075126063754
359	136.081567257938
360	136.416331261032
361	169.809040569714
362	349.912074234587
363	357.611646305761
364	614.040872676196
365	677.562342263389
366	823.770520614938
367	853.564516890353
368	853.564516890353
369	853.564516890353
370	858.837049939093
371	784.5194412521
372	793.976524339522
373	793.976524339522
374	789.289828296198
375	789.289828296198
376	789.289828296198
377	789.289828296198
378	789.289828296198
379	756.482955992931
380	750.457203937229
381	597.218981520695
382	588.59880844101
383	569.182496261526
384	500.974330631006
385	377.027958485246
386	162.36054150086
387	127.461394178253
388	127.461394178253
389	113.987143053697
390	113.987143053697
391	113.987143053697
392	113.987143053697
393	105.952806979428
394	111.560104031262
395	111.560104031262
396	124.448518150402
397	181.860544681118
398	237.933515199457
399	326.980740022609
400	340.706064149486
401	406.236117755246
402	424.480755923899
403	424.480755923899
404	413.768307824873
405	375.270447468999
406	392.76186663069
407	400.12667469877
408	400.377747701091
409	455.446426210146
410	462.392779274358
411	476.787631407424
412	476.787631407424
413	522.399226829061
414	513.109525743184
415	533.111674928087
416	577.970051342758
417	635.884223878116
418	672.373500215424
419	720.412134659493
420	762.341326047086
421	831.051637682245
422	726.688959717516
423	784.937896255969
424	795.734035355769
425	838.416445750325
426	849.296275850899
427	967.216895940957
428	1129.9122014449
429	1171.59031983017
430	1265.65900469974
431	1222.47444830055
432	1195.9444010553
433	1136.60748150679
434	1120.7061913598
435	1134.93366149132
436	1122.71477537837
437	1103.80060920353
438	1000.77698725119
439	901.435769332876
440	867.457223018778
441	879.676109131729
442	873.817739077574
443	870.888554050497
444	843.856360800611
445	705.431445521011
446	628.435724809262
447	511.937851732352
448	389.163153597423
449	381.128817523154
450	410.504358794701
451	423.978609919257
452	403.390623728942
453	328.654560038082
454	321.038678967681
455	321.122369968455
456	326.897049021836
457	331.834818067481
458	335.684604103068
459	327.23181302493
460	325.892757012552
461	320.78760596536
462	316.686746927452
463	316.686746927452
464	316.686746927452
465	316.686746927452
466	316.686746927452
467	270.321932498855
468	147.296161361605
469	138.341224278826
470	122.691007134156
471	91.6416458471354
472	69.6309126436682
473	69.6309126436682
474	69.6309126436682
475	66.8691096181381
476	66.8691096181381
477	66.8691096181381
478	53.0600944904875
479	37.7446413489115
480	37.7446413489115
481	51.9721114804302
482	51.9721114804302
483	55.2360605106022
484	55.2360605106022
485	55.2360605106022
486	55.2360605106022
487	48.2897074463901
488	48.2897074463901
489	48.2897074463901
490	48.2897074463901
491	48.2897074463901
492	48.2897074463901
493	48.2897074463901
494	48.2897074463901
495	56.5751165229804
496	56.5751165229804
497	62.4334865771352
498	102.354093946161
499	133.82191023705
500	124.281136148855
501	202.281148869887
502	210.733939948024
503	289.319789674472
504	313.506488898054
505	313.506488898054
506	313.506488898054
507	314.008634902696
508	314.008634902696
509	314.008634902696
510	314.008634902696
511	305.723225826105
512	305.723225826105
513	305.723225826105
514	266.806910466363
515	267.643820474099
516	197.092306821921
517	160.686721485388
518	125.703883162007
519	44.356230410029
520	42.0128823883671
521	34.9828383233814
522	26.697429246791
523	19.1652391771635
524	19.1652391771635
525	19.1652391771635
526	19.1652391771635
527	19.1652391771635
528	19.1652391771635
529	19.1652391771635
530	19.1652391771635
531	19.1652391771635
532	19.1652391771635
533	19.0815481763898
534	19.0815481763898
535	19.0815481763898
536	1.59012901469915
537	1.59012901469915
538	1.59012901469915
539	0.418455003868198
540	0.418455003868198
541	0.418455003868198
542	0.418455003868198
543	0.418455003868198
544	0.418455003868198
545	0.418455003868198
546	0.418455003868198
547	0.418455003868198
548	13.8927061284242
549	58.2489365384532
550	58.2489365384532
551	58.2489365384532
552	58.2489365384532
553	58.2489365384532
554	58.2489365384532
555	58.2489365384532
556	58.2489365384532
557	84.527910781376
558	84.527910781376
559	84.527910781376
560	84.527910781376
561	84.527910781376
562	84.527910781376
563	84.527910781376
564	84.527910781376
565	107.459244993353
566	103.693149958539
567	171.566551585961
568	171.566551585961
569	181.944235681892
570	211.487158954987
571	211.487158954987
572	211.487158954987
573	211.487158954987
574	211.487158954987
575	211.487158954987
576	211.487158954987
577	211.487158954987
578	226.886303097336
579	226.886303097336
580	223.706045067938
581	218.935658023841
582	218.433512019199
583	217.261838008368
584	181.44208967725
585	191.736082772408
586	195.251104804901
587	88.9635338223789
588	83.4399277713187
589	140.433499298167
590	176.671702633153
591	176.671702633153
592	239.523644214156
593	247.306907286105
594	253.583732344128
595	308.317646850088
596	342.296193164186
597	405.733971750604
598	428.581614961808
599	419.124531874387
600	424.145991920805
601	407.491482766851
602	392.594484629143
603	421.886334899917
604	421.886334899917
605	421.886334899917
606	413.6846168241
607	407.993628771493
608	407.993628771493
609	407.993628771493
610	407.993628771493
611	364.223235366879
612	341.459283156449
613	254.169569349543
614	237.012914190947
615	240.611627224213
616	221.362697046276
617	211.236085952666
618	220.52578703854
619	220.52578703854
620	187.300459731405
621	228.894887115904
622	257.266136378168
623	267.225365470231
624	260.279012406019
625	255.927080365789
626	231.656690141434
627	179.60088766023
628	174.328354611491
629	149.47212738172
630	142.525774317508
631	142.525774317508
632	126.206029166649
633	126.206029166649
634	126.206029166649
635	107.040789989485
636	109.886284015789
637	102.772548950029
638	102.772548950029
639	94.8219038765337
640	86.620185800717
641	72.3090246684246
642	72.3090246684246
643	58.1652455376796
644	61.2618125663042
645	70.4678226514046
646	44.8583764146708
647	51.553656476562
648	52.8090214881666
649	52.8090214881666
650	52.8090214881666
651	42.8497923961035
652	42.8497923961035
653	42.8497923961035
654	42.8497923961035
655	45.7789774231809
656	48.540780448711
657	53.2274764920348
658	60.1738295562469
659	67.3712556227799
660	67.7060196258745
661	87.9592418130952
662	148.216762370115
663	142.693156319055
664	150.560110391777
665	209.562265937193
666	220.609478039314
667	228.392741111262
668	228.81119611513
669	228.81119611513
670	228.81119611513
671	239.942099218024
672	250.068710311635
673	267.727511474872
674	274.004336532895
675	287.980733662093
676	321.289751970001
677	321.289751970001
678	329.826234048913
679	322.545116981606
680	285.135239635789
681	274.088027533669
682	265.551545454758
683	241.44853723195
684	241.281155230403
685	220.860551041635
686	198.68243583662
687	199.60303684513
688	275.594465547594
689	352.506495258569
690	358.783320316592
691	440.047282067796
692	407.407791766077
693	352.339113257022
694	325.892757012552
695	321.373442970775
696	309.321938859371
697	309.321938859371
698	308.819792854729
699	308.485028851635
700	308.485028851635
701	308.485028851635
702	302.877731799801
703	288.650261668282
704	288.650261668282
705	269.73609549344
706	30.5472152823785
707	17.8261831647852
708	17.8261831647852
709	17.8261831647852
710	17.7424921640116
711	17.7424921640116
712	9.95922909206311
713	9.95922909206311
714	5.69098805260749
715	5.69098805260749
716	5.69098805260749
717	5.69098805260749
718	5.69098805260749
719	5.69098805260749
720	5.69098805260749
721	5.69098805260749
722	2.25965702088827
723	2.25965702088827
724	2.25965702088827
725	2.25965702088827
726	2.25965702088827
727	2.25965702088827
728	2.25965702088827
729	2.25965702088827
730	2.34334802166191
731	2.34334802166191
732	2.34334802166191
733	2.34334802166191
734	2.34334802166191
735	2.34334802166191
736	2.34334802166191
737	2.34334802166191
738	2.34334802166191
739	2.34334802166191
740	2.34334802166191
741	2.34334802166191
742	2.34334802166191
743	2.34334802166191
744	2.34334802166191
745	2.25965702088827
746	2.25965702088827
747	2.25965702088827
748	2.25965702088827
749	2.25965702088827
750	2.25965702088827
751	2.25965702088827
752	2.25965702088827
753	2.25965702088827
754	2.25965702088827
755	0
756	0
757	7.95064507349576
758	7.95064507349576
759	7.95064507349576
760	7.95064507349576
761	7.95064507349576
762	7.95064507349576
763	7.95064507349576
764	7.95064507349576
765	14.0600881299715
766	14.0600881299715
767	14.0600881299715
768	14.0600881299715
769	14.0600881299715
770	14.0600881299715
771	14.0600881299715
772	14.0600881299715
773	14.0600881299715
774	14.2274701315187
775	14.2274701315187
776	14.2274701315187
777	14.2274701315187
778	14.2274701315187
779	22.5965702088827
780	14.6459251353869
781	14.6459251353869
782	25.1909912328655
783	33.8111643125504
784	33.8111643125504
785	33.8111643125504
786	33.8111643125504
787	33.8111643125504
788	38.4141693551006
789	32.3047262986249
790	37.7446413489115
791	37.7446413489115
792	37.7446413489115
793	41.5944273844989
794	41.5944273844989
795	41.5944273844989
796	42.5987193937826
797	38.2467873535533
798	38.2467873535533
799	38.2467873535533
800	29.6266142738684
801	21.2575141965045
802	21.2575141965045
803	29.2918502707739
804	29.3755412715475
805	29.2081592700002
806	29.2081592700002
807	29.2081592700002
808	29.2081592700002
809	25.5257552359601
810	25.5257552359601
811	35.8197483311178
812	35.8197483311178
813	35.7360573303441
814	31.2167432885676
815	25.776828238281
816	25.776828238281
817	26.2789742429228
818	24.856227229771
819	24.856227229771
820	24.856227229771
821	45.4442134200863
822	53.7296224966766
823	57.4957175314904
824	57.4120265307168
825	57.4120265307168
826	57.4120265307168
827	57.4120265307168
828	57.4120265307168
829	57.4120265307168
830	57.4120265307168
831	57.4120265307168
832	57.4120265307168
833	46.9506514340118
834	46.9506514340118
835	46.9506514340118
836	45.9463594247282
837	41.0922813798571
838	41.0922813798571
839	50.5493644672784
840	50.5493644672784
841	50.5493644672784
842	50.5493644672784
843	50.5493644672784
844	50.5493644672784
845	50.5493644672784
846	50.5493644672784
847	41.5107363837253
848	29.3755412715475
849	23.4334802166191
850	32.7231813024931
851	41.343354382178
852	42.9334833968771
853	54.4828415036394
854	64.8605255995707
855	68.8776936367054
856	68.8776936367054
857	79.2553777326367
858	79.2553777326367
859	109.2167560096
860	142.776847319829
861	126.373411168196
862	133.236073231634
863	148.216762370116
864	149.47212738172
865	165.038653525617
866	174.412045612265
867	177.006466636247
868	177.006466636247
869	169.809040569714
870	159.431356473783
871	161.607322493898
872	161.607322493898
873	161.607322493898
874	169.306894565072
875	166.628782540316
876	164.201743517881
877	206.130934905474
878	270.573005501176
879	324.888465003268
880	373.010790448111
881	440.884192075533
882	448.165309142839
883	445.068742114214
884	454.776898203956
885	447.412090135876
886	442.474321090232
887	442.474321090232
888	442.474321090232
889	440.884192075532
890	440.884192075532
891	442.055866086363
892	420.045132882896
893	424.062300920031
894	416.195346847309
895	369.161004412523
896	148.300453370889
897	127.879849182121
898	105.78542497788
899	113.233924046734
900	113.233924046734
901	125.78757416278
902	117.669547087737
903	114.405598057565
904	68.6266206343845
905	70.8025866544991
906	63.1867055840979
907	62.0987225740406
908	62.0987225740406
909	76.9120297109748
910	115.744654069944
911	134.909893247107
912	171.733933587508
913	181.525780678024
914	206.214625906248
915	227.723213105073
916	281.034380597881
917	298.94425476344
918	315.431381915847
919	315.431381915847
920	569.852024267714
921	612.952889666139
922	643.500104948517
923	643.751177950838
924	650.530149013503
925	652.371351030523
926	639.064481907514
927	639.064481907514
928	639.064481907514
929	589.686791451067
930	537.463606968315
931	537.463606968315
932	537.463606968315
933	537.463606968315
934	500.890639630232
935	166.210327536448
936	111.05795802662
937	93.2317748618346
938	93.2317748618346
939	92.3111738533245
940	103.525767956992
941	111.97855903513
942	111.97855903513
943	115.995727072265
944	99.5922909206312
945	89.6330618285681
946	89.6330618285681
947	89.6330618285681
948	92.9807018595137
949	92.9807018595137
950	92.9807018595137
951	89.4656798270208
952	89.5493708277944
953	96.0772688881383
954	96.0772688881383
955	96.0772688881383
956	92.7296288571928
957	61.4291945678515
958	54.2317685013185
959	51.4699654757884
960	47.9549434432955
961	57.5794085322641
962	56.658807523754
963	56.658807523754
964	64.2746885941552
965	84.9463657852443
966	95.3240498811756
967	95.3240498811756
968	95.3240498811756
969	95.3240498811756
970	95.3240498811756
971	84.1094557775079
972	84.1094557775079
973	86.5364947999434
974	113.066542045187
975	113.066542045187
976	118.924912099342
977	119.929204108626
978	119.929204108626
979	129.46997819682
980	129.46997819682
981	119.510749104757
982	134.407747242465
983	139.59658929043
984	142.442083316734
985	142.442083316734
986	142.442083316734
987	132.23178122235
988	106.203879981749
989	106.203879981749
990	106.203879981749
991	106.203879981749
992	102.856239950803
993	113.401306048282
994	103.274694954671
995	94.4034488726655
996	83.5236187720924
997	83.5236187720924
998	77.7489397187112
999	71.2210416583673
1000	71.5558056614619
1001	75.6566646993703
1002	74.9034456924075
1003	77.7489397187112
1004	79.8412147380522
1005	79.8412147380522
1006	81.4313437527514
1007	88.1266238146426
1008	83.1888547689978
1009	83.1888547689978
1010	83.8583827751869
1011	83.8583827751869
1012	73.4806986792556
1013	73.4806986792556
1014	73.7317716815765
1015	69.7982946452154
1016	66.1158906111753
1017	57.5794085322641
1018	77.6652487179376
1019	77.6652487179376
1020	77.6652487179376
1021	62.6008685786824
1022	59.7553745523787
1023	64.3583795949289
1024	64.3583795949289
1025	64.3583795949289
1026	74.0665356846711
1027	87.2897138069061
1028	87.9592418130953
1029	103.69314995854
1030	93.7339208664764
1031	85.5322027906597
1032	85.5322027906597
1033	92.6459378564191
1034	92.6459378564191
1035	98.5043079105739
1036	108.212464000316
1037	108.212464000316
1038	104.027913961634
1039	104.195295963181
1040	102.186711944614
1041	102.186711944614
1042	99.2575269175366
1043	114.74036206066
1044	118.841221098568
1045	103.525767956992
1046	120.347659112494
1047	138.341224278826
1048	138.508606280373
1049	127.294012176706
1050	136.58371326258
1051	140.26611729662
1052	129.804742199915
1053	136.58371326258
1054	142.442083316734
1055	110.13735701811
1056	118.004311090832
1057	118.004311090832
1058	118.004311090832
1059	125.285428158139
1060	125.285428158139
1061	145.78972334768
1062	150.727492393325
1063	162.862687505502
1064	177.173848637795
1065	184.957111709743
1066	144.86912233917
1067	144.86912233917
1068	144.86912233917
1069	138.508606280373
1070	117.418474085416
1071	103.358385955445
1072	103.358385955445
1073	96.4957238920065
1074	94.1523758703446
1075	94.1523758703446
1076	94.1523758703446
1077	83.1888547689978
1078	66.0321996104017
1079	66.0321996104017
1080	64.6094525972498
1081	43.9377754061608
1082	36.1545123342123
1083	22.9313342119773
1084	15.1480711400288
1085	15.1480711400288
1086	15.1480711400288
1087	15.1480711400288
1088	13.7253241268769
1089	11.381976105215
1090	11.381976105215
1091	21.0901321949572
1092	21.0901321949572
1093	21.0901321949572
1094	21.0901321949572
1095	21.0901321949572
1096	21.0901321949572
1097	21.0901321949572
1098	14.3111611322924
1099	21.4248961980517
1100	21.4248961980517
1101	30.3798332808312
1102	30.3798332808312
1103	30.3798332808312
1104	30.3798332808312
1105	30.3798332808312
1106	30.3798332808312
1107	28.2038672607166
1108	28.2038672607166
1109	18.4957111709744
1110	18.4957111709744
1111	18.4957111709744
1112	18.4957111709744
1113	18.4957111709744
1114	18.4957111709744
1115	25.776828238281
1116	23.3497892158455
1117	34.6480743202868
1118	25.6931372375074
1119	25.6931372375074
1120	25.6931372375074
1121	18.579402171748
1122	18.579402171748
1123	22.3454972065618
1124	22.3454972065618
1125	22.3454972065618
1126	22.3454972065618
1127	22.3454972065618
1128	22.3454972065618
1129	22.3454972065618
1130	15.0643801392551
1131	15.0643801392551
1132	15.0643801392551
1133	15.0643801392551
1134	8.11802707504304
1135	9.54077408819492
1136	9.54077408819492
1137	9.54077408819492
1138	9.54077408819492
1139	9.54077408819492
1140	9.54077408819492
1141	9.54077408819492
1142	12.1351951121777
1143	12.3862681144987
1144	12.3862681144987
1145	20.671677191089
1146	28.3712492622638
1147	55.2360605106022
1148	63.2703965848716
1149	63.2703965848716
1150	76.158810704012
1151	99.8433639229521
1152	100.26181892682
1153	117.836929089285
1154	127.545085179027
1155	127.6287761798
1156	127.6287761798
1157	127.879849182121
1158	136.248949259485
1159	136.248949259485
1160	150.727492393325
1161	171.231787582866
1162	212.909905968139
1163	213.077287969686
1164	212.909905968139
1165	224.375573074128
1166	273.334808526707
1167	291.495755694586
1168	269.903477494987
1169	258.103046385904
1170	247.976435292294
1171	242.285447239686
1172	242.285447239686
1173	221.613770048597
1174	211.905613958855
1175	211.905613958855
1176	200.52363785364
1177	140.684572300488
1178	147.881998367021
1179	155.581570438196
1180	126.959248173611
1181	105.032205970918
1182	87.5407868092271
1183	83.9420737759606
1184	94.4034488726655
1185	156.753244449027
1186	177.257539638569
1187	223.371281064844
1188	216.759692003726
1189	216.759692003726
1190	273.753263530575
1191	347.568726212925
1192	386.31765957112
1193	453.354151190805
1194	494.530123571436
1195	552.109532103702
1196	559.892795175651
1197	669.109551185251
1198	737.234025814994
1199	712.879944589864
1200	721.834881672644
1201	747.193254907057
1202	874.822031086858
1203	1092.41863309831
1204	1179.20620090058
1205	1312.27489213066
1206	1316.71051517167
1207	1326.92081726605
1208	1269.00664473069
1209	1292.52381594808
1210	1341.81781540376
1211	1312.69334713453
1212	1217.11822425104
1213	977.678271037662
1214	975.334923016
1215	963.450800906144
1216	963.618182907691
1217	992.156814171502
1218	1042.2877236349
1219	1106.31133922674
1220	1101.95940718651
1221	1069.15253488324
1222	938.427191674825
1223	629.021561814678
1224	604.500098588002
1225	561.064469186483
1226	557.298374151669
1227	540.894938000035
1228	540.141718993073
1229	540.141718993073
1230	518.4657497927
1231	518.549440793474
1232	476.034412400461
1233	459.463594247281
1234	454.274752199315
1235	419.794059880576
1236	321.122369968455
1237	148.635217373984
1238	129.888433200688
1239	120.682423115588
1240	104.948514970144
1241	79.422759734184
1242	79.422759734184
1243	59.1695375469632
1244	59.1695375469632
1245	59.1695375469632
1246	34.8991473226077
1247	21.7596602011463
1248	21.7596602011463
1249	21.7596602011463
1250	21.7596602011463
1251	26.0279012406019
1252	48.8755444518056
1253	67.8734016274218
1254	50.0472184626365
1255	62.1824135748143
1256	109.718902014242
1257	109.718902014242
1258	109.718902014242
1259	109.718902014242
1260	117.083710082322
1261	207.218917915531
1262	207.218917915531
1263	207.218917915531
1264	224.20819107258
1265	224.20819107258
1266	224.20819107258
1267	224.20819107258
1268	241.030082228082
1269	243.28973924897
1270	246.804761281463
1271	274.506482537537
1272	310.91206787407
1273	310.995758874844
1274	313.088033894185
1275	327.064431023383
1276	283.963565624958
1277	317.188892932093
1278	349.744692233039
1279	410.25328579238
1280	423.81122791771
1281	432.0966369943
1282	409.918521789285
1283	397.867017677881
1284	437.787625046908
1285	461.053723261979
1286	470.929261353269
1287	427.661013953297
1288	444.315523107252
1289	444.315523107252
1290	455.78119021324
1291	449.839129158312
1292	456.367027218656
1293	448.667455147481
1294	421.635261897595
1295	415.023672836478
1296	388.158861588139
1297	374.015082457394
1298	374.684610463584
1299	340.706064149486
1300	337.107351116219
1301	260.195321405245
1302	227.304758101205
1303	197.929216829657
1304	194.497885797938
1305	177.090157637021
1306	161.942086496992
1307	150.978565395646
1308	142.693156319055
1309	116.330491075359
1310	107.040789989485
1311	134.156674240144
1312	136.332640260259
1313	136.332640260259
1314	156.167407443611
1315	234.920639171606
1316	273.167426525159
1317	287.897042661319
1318	292.165283700775
1319	295.931378735589
1320	298.358417758024
1321	298.358417758024
1322	306.225371830746
1323	299.446400768082
1324	299.446400768082
1325	319.950695957623
1326	344.890614188168
1327	360.959286336706
1328	423.560154915389
1329	423.643845916162
1330	507.000082686707
1331	529.93141689869
1332	561.064469186484
1333	594.875633499035
1334	726.354195714422
1335	939.347792683336
1336	976.9250520307
1337	1064.29845683837
1338	1150.16542363212
1339	1191.42508701353
1340	1259.54956164327
1341	1337.29850136198
1342	1379.22769274957
1343	1419.56675512247
1344	1533.47020717539
1345	2095.37158636964
1346	2258.48534687746
1347	2391.21927410445
1348	2544.62487852253
1349	2776.03049566165
1350	2331.79866355516
1351	2306.52398132152
1352	2372.55618093192
1353	2391.80511110986
1354	2427.37378643866
1355	2446.45533461505
1356	2477.00254989743
1357	2378.74931498917
1358	2419.67421436748
1359	2399.25361017871
1360	2399.25361017871
1361	2408.87807526768
1362	2356.7385817857
1363	2366.44673787545
1364	2289.78578116679
1365	2145.75356883536
1366	1708.63547179462
1367	1485.01311772746
1368	1368.76631765287
1369	754.474371974363
1370	500.974330631006
1371	497.542999599287
1372	484.068748474731
1373	453.186769189258
1374	434.356294015189
1375	388.995771595876
1376	315.431381915847
1377	306.811208836162
1378	306.727517835389
1379	127.796158181348
1380	137.839078274184
1381	166.545091539542
1382	111.225340028167
1383	111.225340028167
1384	111.225340028167
1385	113.233924046734
1386	99.0064539152157
1387	99.0064539152157
1388	103.358385955445
1389	104.864823969371
1390	108.128772999542
1391	100.680273930689
1392	100.680273930689
1393	99.4249089190839
1394	99.4249089190839
1395	106.036497980201
1396	106.036497980201
1397	106.036497980201
1398	119.678131106305
1399	116.916328080775
1400	116.916328080775
1401	80.8455067473359
1402	71.5558056614619
1403	73.8154626823502
1404	65.1952896026653
1405	62.7682505802297
1406	60.1738295562469
1407	60.1738295562469
1408	47.5364884394273
1409	43.8540844053872
1410	43.8540844053872
1411	43.8540844053872
1412	43.8540844053872
1413	43.8540844053872
1414	48.540780448711
1415	61.763958570946
1416	99.8433639229521
1417	101.684565939972
1418	108.212464000316
1419	97.5837069020638
1420	104.86482396937
1421	99.8433639229521
1422	99.8433639229521
1423	105.785424977881
1424	105.785424977881
1425	105.785424977881
1426	105.785424977881
1427	114.907744062207
1428	116.497873076906
1429	116.497873076906
1430	116.497873076906
1431	105.283278973239
1432	95.9935778873647
1433	89.5493708277944
1434	86.2017307968488
1435	86.2017307968488
1436	89.7167528293417
1437	88.2103148154162
1438	82.8540907659033
1439	82.8540907659033
1440	95.2403588804019
1441	136.081567257938
1442	133.905601237823
1443	133.905601237823
1444	133.905601237823
1445	128.54937718831
1446	125.703883162007
1447	129.553669197594
1448	124.86697315427
1449	129.804742199915
1450	144.032212331433
1451	149.639509383267
1452	149.639509383267
1453	149.639509383267
1454	146.375560353095
1455	150.811183394098
1456	150.811183394098
1457	150.811183394098
1458	150.811183394098
1459	150.811183394098
1460	129.888433200689
1461	135.160966249428
1462	125.452810159686
1463	137.50431427109
1464	120.26396811172
1465	120.26396811172
1466	127.879849182121
1467	127.879849182121
1468	127.879849182121
1469	127.879849182121
1470	126.540793169743
1471	126.540793169743
1472	121.937788127193
1473	124.364827149629
1474	124.364827149629
1475	133.570837234729
1476	105.032205970918
1477	95.0729768788546
1478	105.199587972465
1479	96.5794148927801
1480	74.8197546916338
1481	257.935664384357
1482	402.721095722753
1483	411.341268802438
1484	432.0966369943
1485	452.684623184616
1486	449.33698315367
1487	482.22754645771
1488	576.296231327285
1489	576.296231327285
1490	576.296231327285
1491	576.296231327285
1492	576.296231327285
1493	576.296231327285
1494	585.334859410839
1495	586.841297424764
1496	544.577342034076
1497	554.620262126913
1498	474.444283385762
1499	451.680331175332
1500	430.004361974959
1501	267.89489347642
1502	257.935664384357
1503	212.156686961176
1504	212.156686961176
1505	203.871277884585
1506	169.809040569714
1507	186.798313726763
1508	231.57299914066
1509	297.019361745646
1510	335.349840099973
1511	354.431388276363
1512	367.570875397824
1513	366.985038392409
1514	366.985038392409
1515	369.244695413297
1516	346.899198206735
1517	321.038678967681
1518	326.143830014873
1519	328.487178036535
1520	348.15456321834
1521	365.143836375389
1522	355.770444288741
1523	347.568726212924
1524	351.502203249285
1525	371.336970432638
1526	380.12452551387
1527	261.618068418397
1528	244.879868263669
1529	278.94210557854
1530	293.922794717022
1531	262.706051428454
1532	268.062275477967
1533	273.836954531348
1534	302.961422800575
1535	319.615931954529
1536	319.615931954529
1537	302.542967796706
1538	297.019361745646
1539	297.019361745646
1540	283.796183623411
1541	246.218924276047
1542	245.716778271405
1543	245.716778271405
1544	245.716778271405
1545	230.903471134471
1546	226.96999409811
1547	221.111624043955
1548	221.111624043955
1549	85.9506577945279
1550	85.9506577945279
1551	68.6266206343845
1552	73.3133166777083
1553	78.5858497264476
1554	78.5858497264476
1555	69.2124576398
1556	76.3261927055594
1557	85.7832757929806
1558	71.8068786637828
1559	103.860531960087
1560	103.860531960087
1561	103.860531960087
1562	111.811177033583
1563	111.811177033583
1564	107.961390997995
1565	107.961390997995
1566	107.961390997995
1567	107.961390997995
1568	106.873407987938
1569	106.873407987938
1570	97.7510889036111
1571	97.7510889036111
1572	93.0643928602873
1573	93.0643928602873
1574	86.3691127983961
1575	54.3991505028658
1576	46.6158874309173
1577	38.6652423574215
1578	21.3412051972781
1579	15.8175991462179
1580	7.86695407272212
1581	16.0686721485388
1582	16.0686721485388
1583	24.3540812251291
1584	121.937788127193
1585	131.478562215388
1586	131.478562215388
1587	147.128779360058
1588	155.91633444129
1589	177.675994642436
1590	184.957111709743
1591	181.693162679571
1592	181.693162679571
1593	181.693162679571
1594	181.693162679571
1595	211.31977695344
1596	213.495742973554
1597	272.163134515875
1598	279.193178580861
1599	276.849830559199
1600	302.375585795159
1601	309.405629860145
1602	282.122363607938
1603	282.122363607938
1604	272.581589519743
1605	264.714635447021
1606	264.714635447021
1607	264.630944446248
1608	254.839097355732
1609	242.36913824046
1610	242.36913824046
1611	226.216775091147
1612	204.875569893869
1613	144.283285333754
1614	110.221048018883
1615	102.688857949256
1616	88.5450788185107
1617	217.261838008368
1618	253.500041343354
1619	233.246819156133
1620	233.246819156133
1621	242.871284245102
1622	235.757549179342
1623	234.836948170832
1624	242.954975245875
1625	242.954975245875
1626	236.678150187852
1627	244.963559264443
1628	244.963559264443
1629	244.963559264443
1630	252.579440334844
1631	252.579440334844
1632	252.579440334844
1633	246.302615276821
1634	225.463556084185
1635	225.463556084185
1636	229.982870125961
1637	221.027933043182
1638	221.027933043182
1639	211.487158954987
1640	29.7939962754157
1641	29.7939962754157
1642	30.3798332808312
1643	30.3798332808312
1644	30.3798332808312
1645	30.3798332808312
1646	26.5300472452438
1647	35.9034393318914
1648	35.9034393318914
1649	35.9034393318914
1650	44.6073034123499
1651	40.0879893705734
1652	40.0879893705734
1653	40.0879893705734
1654	40.0879893705734
1655	40.171680371347
1656	40.171680371347
1657	32.5557993009458
1658	32.6394903017194
1659	38.9163153597424
1660	38.9163153597424
1661	38.9163153597424
1662	227.472140102752
1663	253.667423344901
1664	487.583770507224
1665	635.214695871927
1666	633.373493854907
1667	639.231863909062
1668	639.566627912156
1669	655.216845056827
1670	657.727575080036
1671	657.727575080036
1672	659.066631092414
1673	650.613840014276
1674	670.950753202271
1675	662.330580122586
1676	674.633157236311
1677	687.354189353904
1678	687.354189353904
1679	705.43144552101
1680	699.489384466082
1681	398.201781680976
1682	177.592303641663
1683	186.630931725216
1684	185.375566713611
1685	185.040802710517
1686	213.830506976649
1687	291.244682692265
1688	307.480736842351
1689	307.480736842351
1690	310.493612870202
1691	300.032237773497
1692	306.894899836936
1693	326.562285018741
1694	327.901341031119
1695	332.336964072122
1696	364.390617368426
1697	364.390617368426
1698	364.390617368426
1699	364.390617368426
1700	364.390617368426
1701	379.706070510002
1702	379.706070510002
1703	368.826240409429
1704	368.826240409429
1705	308.819792854729
1706	369.914223419486
1707	358.197483311177
1708	396.109506661635
1709	380.626671518512
1710	354.933534281005
1711	362.967870355274
1712	379.287615506134
1713	363.55370736069
1714	363.55370736069
1715	361.377741340575
1716	361.377741340575
1717	370.834824427997
1718	385.062294559515
1719	364.055853365332
1720	363.218943357595
1721	363.218943357595
1722	361.879887345217
1723	349.242546228397
1724	349.242546228397
1725	349.242546228397
1726	340.873446151034
1727	289.73824467834
1728	61.9313405724933
1729	61.9313405724933
1730	54.7339145059603
1731	50.8841284703729
1732	50.8841284703729
1733	33.2253273071349
1734	41.0922813798571
1735	33.1416363063613
1736	33.1416363063613
1737	33.1416363063613
1738	33.7274733117768
1739	33.7274733117768
1740	33.7274733117768
1741	40.5901353752152
1742	40.5901353752152
1743	40.5901353752152
1744	40.5064443744416
1745	41.0922813798571
1746	35.8197483311178
1747	35.8197483311178
1748	35.8197483311178
1749	53.1437854912612
1750	63.0193235825506
1751	56.7424985245277
1752	56.7424985245277
1753	56.7424985245277
1754	56.7424985245277
1755	56.7424985245277
1756	56.7424985245277
1757	56.7424985245277
1758	56.7424985245277
1759	49.8798364610892
1760	48.1223254448428
1761	71.304732659141
1762	78.8369227287685
1763	78.5858497264476
1764	79.9249057388258
1765	80.0922877403731
1766	80.0922877403731
1767	80.343360742694
1768	106.287570982522
1769	149.555818382494
1770	149.555818382494
1771	149.555818382494
1772	151.899166404156
1773	160.184575480746
1774	200.774710855961
1775	205.377715898511
1776	206.96784491321
1777	206.96784491321
1778	232.744673151491
1779	248.562272297709
1780	310.409921869429
1781	266.137382460173
1782	269.150258488024
1783	270.824078503497
1784	207.135226914758
1785	208.725355929457
1786	217.596602011463
1787	236.761841188626
1788	236.761841188626
1789	236.761841188626
1790	236.761841188626
1791	235.00433017238
1792	235.00433017238
1793	221.530079047824
1794	221.613770048597
1795	221.613770048597
1796	204.20604188768
1797	179.098741655588
1798	168.302602555789
1799	168.302602555789
1800	168.302602555789
1801	168.302602555789
1802	157.506463455989
1803	157.506463455989
1804	142.10731931364
1805	142.10731931364
1806	138.927061284241
1807	122.858389135703
1808	116.330491075359
1809	69.9656766467628
1810	48.1223254448428
1811	57.7467905338113
1812	81.6824167550723
1813	106.957098988711
1814	112.145941036677
1815	112.145941036677
1816	128.130922184442
1817	135.663112254069
1818	165.457108529485
1819	191.150245766992
1820	206.884153912437
1821	239.691026215703
1822	236.17600418321
1823	236.343386184758
1824	236.343386184758
1825	245.967851273726
1826	259.358411397508
1827	266.555837464041
1828	276.682448557652
1829	292.667429705417
1830	279.360560582408
1831	279.360560582408
1832	279.360560582408
1833	279.360560582408
1834	279.360560582408
1835	279.360560582408
1836	279.360560582408
1837	217.345529009141
1838	131.060107211519
1839	116.832637080001
1840	105.032205970918
1841	95.3240498811755
1842	95.3240498811755
1843	95.3240498811755
1844	59.1695375469632
1845	54.3154595020921
1846	46.5321964301436
1847	36.6566583388542
1848	25.5257552359601
1849	19.8347671833526
1850	1.17167401083095
1851	1.17167401083095
1852	117.836929089285
1853	454.525825201636
1854	886.120316191297
1855	1221.13539228817
1856	1221.13539228817
1857	1221.13539228817
1858	1221.13539228817
1859	1221.13539228817
1860	1221.13539228817
1861	1221.13539228817
1862	1221.13539228817
1863	1221.13539228817
1864	1221.13539228817
1865	1221.13539228817
1866	1221.13539228817
1867	1221.13539228817
1868	1221.13539228817
1869	1206.57315815356
1870	0
1871	0
1872	0
1873	0
1874	0
1875	0
1876	0
1877	0
1878	0
1879	0
1880	0
1881	0
1882	0
1883	0
1884	0
1885	0
1886	0
1887	0
1888	0
1889	0
1890	0
1891	0
1892	0
1893	0
