length	RPM
0	0
1	112.514060669763
2	128.396147464984
3	136.241515640937
4	136.241515640937
5	136.241515640937
6	140.451225393888
7	157.864115735637
8	168.579740561328
9	171.545672432725
10	171.545672432725
11	171.545672432725
12	171.545672432725
13	173.746202530858
14	173.841877752516
15	176.903484845571
16	160.447346720402
17	103.424914612256
18	92.9006402298807
19	81.0369127442935
20	72.6174932383928
21	69.3645357020222
22	65.0591507274139
23	67.355356047205
24	35.017131126814
25	45.8284311741636
26	47.8376108289808
27	47.8376108289808
28	52.6213719118789
29	57.309457773119
30	85.2466224972438
31	85.2466224972438
32	91.6568623483272
33	97.7800765344367
34	128.683173129958
35	137.867994409123
36	143.991208595232
37	152.123602436159
38	148.487944013156
39	147.818217461551
40	146.287413915023
41	147.148490909945
42	143.704182930258
43	141.790678497099
44	143.6085077086
45	120.742129732347
46	122.751309387165
47	122.751309387165
48	145.713362585075
49	150.210098003
50	148.392268791498
51	145.04363603347
52	152.410628101133
53	100.650333184176
54	98.7368287510163
55	88.7866056985883
56	98.3541278643845
57	92.3265888999329
58	92.8049650082227
59	90.2217340234577
60	77.5926047646068
61	66.5899542739413
62	69.842911810312
63	53.0040727985108
64	47.454909942349
65	37.0263107816312
66	35.6868576784197
67	35.6868576784197
68	35.6868576784197
69	38.5571143281585
70	40.0879178746859
71	36.8349603383152
72	34.6344302401821
73	35.2084815701299
74	35.2084815701299
75	40.5662939829757
76	58.8402613196464
77	46.5938329474273
78	124.37778815535
79	161.117073272007
80	213.642769962228
81	270.760877292032
82	284.155408324146
83	284.155408324146
84	284.155408324146
85	290.278622510256
86	308.074213738637
87	309.222316398532
88	311.422846496665
89	330.366540384942
90	330.366540384942
91	327.304933291887
92	327.304933291887
93	325.965480188675
94	320.703342997488
95	309.126641176874
96	174.415929082464
97	174.415929082464
98	146.287413915023
99	132.988558104567
100	120.263753624058
101	110.79190667992
102	76.1574764397374
103	56.3527055565394
104	53.9608250150904
105	52.1429958035891
106	48.5073373805866
107	38.3657638848426
108	34.4430797968662
109	32.7209258070229
110	27.8414895024668
111	23.0577284195688
112	30.0420196006
113	115.575667762818
114	147.626867018235
115	156.141961745793
116	153.845756426002
117	150.592798889631
118	150.592798889631
119	150.592798889631
120	150.592798889631
121	150.592798889631
122	150.592798889631
123	150.592798889631
124	150.592798889631
125	152.697653766107
126	152.697653766107
127	150.114422781342
128	139.590148398966
129	63.0499710725968
130	38.8441399931325
131	21.9096257596732
132	21.9096257596732
133	13.2988558104567
134	13.2988558104567
135	8.51509472755859
136	11.6723770422713
137	14.7339841353261
138	23.6317797495165
139	56.3527055565394
140	59.7013383145681
141	64.1980737324923
142	75.5834251097896
143	81.7066392958992
144	89.552007471852
145	102.468162395677
146	122.751309387165
147	137.580968744149
148	147.722542239893
149	151.453875884553
150	153.46305553937
151	173.937552974174
152	184.270476913234
153	185.992630903077
154	181.878596371785
155	179.199690165362
156	215.747624838703
157	239.283729366562
158	238.42265237164
159	233.7345665104
160	243.684789562828
161	248.851251532358
162	248.564225867384
163	248.372875424068
164	240.431832026457
165	240.431832026457
166	215.843300060361
167	209.146034544304
168	199.48283715685
169	195.655828290531
170	176.520783958939
171	161.404098936981
172	159.299244060506
173	156.620337854083
174	123.229685495455
175	117.202146531003
176	91.943888013301
177	87.8298534820087
178	21.2398992080675
179	13.3945310321146
180	3.53998320134458
181	2.87025664973885
182	2.87025664973885
183	2.87025664973885
184	2.87025664973885
185	2.77458142808089
186	4.87943630455604
187	4.87943630455604
188	4.87943630455604
189	4.87943630455604
190	4.87943630455604
191	4.87943630455604
192	4.87943630455604
193	4.11403453129235
194	3.7313336446605
195	3.63565842300254
196	3.63565842300254
197	3.63565842300254
198	3.63565842300254
199	3.06160709305477
200	3.06160709305477
201	4.01835930963439
202	4.01835930963439
203	4.01835930963439
204	5.07078674787197
205	5.07078674787197
206	5.07078674787197
207	5.07078674787197
208	5.07078674787197
209	5.07078674787197
210	5.07078674787197
211	5.07078674787197
212	7.55834251097897
213	11.1940009339815
214	14.3512832486942
215	14.3512832486942
216	13.3945310321146
217	13.3945310321146
218	14.1599328053783
219	16.7431637901433
220	16.7431637901433
221	16.7431637901433
222	16.7431637901433
223	16.7431637901433
224	16.7431637901433
225	16.7431637901433
226	16.7431637901433
227	16.7431637901433
228	15.7864115735637
229	15.7864115735637
230	8.9934708358484
231	7.55834251097897
232	7.55834251097897
233	5.26213719118789
234	5.26213719118789
235	5.26213719118789
236	7.84536817595285
237	7.84536817595285
238	7.84536817595285
239	7.84536817595285
240	7.84536817595285
241	7.84536817595285
242	7.84536817595285
243	7.84536817595285
244	7.84536817595285
245	7.84536817595285
246	7.84536817595285
247	5.26213719118789
248	4.20970975295031
249	4.20970975295031
250	3.34863275802866
251	5.35781241284585
252	5.35781241284585
253	4.59241063958216
254	4.59241063958216
255	6.31456462942547
256	6.31456462942547
257	5.26213719118789
258	6.60159029439935
259	6.60159029439935
260	7.46266728932101
261	9.08914605750636
262	12.7248044805089
263	13.4902062537726
264	15.2123602436159
265	15.2123602436159
266	22.1966514246471
267	30.9030965955216
268	34.921455905156
269	37.409011668263
270	37.409011668263
271	38.5571143281585
272	40.6619692046337
273	40.6619692046337
274	36.9306355599732
275	37.8873877765528
276	37.8873877765528
277	32.6252505853649
278	34.2517293535503
279	32.529575363707
280	30.9987718171796
281	30.5203957088898
282	33.3906523586286
283	31.2857974821535
284	37.9830629982108
285	48.0289612722968
286	56.3527055565394
287	58.4575604330146
288	59.3186374279363
289	60.8494409744636
290	62.0932188560171
291	62.0932188560171
292	62.0932188560171
293	63.5283471808866
294	63.5283471808866
295	69.0775100370483
296	67.259680825547
297	67.259680825547
298	67.259680825547
299	64.77212506244
300	61.9975436343592
301	61.9975436343592
302	61.9975436343592
303	61.9975436343592
304	61.9975436343592
305	64.0067232891764
306	60.9451161961216
307	58.4575604330146
308	54.0565002367484
309	47.8376108289808
310	40.7576444262917
311	40.7576444262917
312	35.3041567917879
313	33.8690284669184
314	33.8690284669184
315	33.8690284669184
316	33.8690284669184
317	33.0079514719968
318	33.0079514719968
319	30.5203957088898
320	21.6226000946993
321	5.64483807781974
322	5.35781241284585
323	4.30538497460827
324	4.30538497460827
325	4.11403453129235
326	4.11403453129235
327	4.11403453129235
328	3.34863275802866
329	3.34863275802866
330	5.26213719118789
331	2.29620531979108
332	2.29620531979108
333	2.29620531979108
334	2.29620531979108
335	2.29620531979108
336	2.29620531979108
337	2.29620531979108
338	2.29620531979108
339	2.29620531979108
340	4.40106019626624
341	4.87943630455604
342	8.32374428424266
343	8.32374428424266
344	8.80212039253247
345	8.80212039253247
346	10.5242743823758
347	11.0983257123236
348	11.0983257123236
349	11.0983257123236
350	11.1940009339815
351	11.1940009339815
352	19.996121326514
353	40.3749435396598
354	42.9581745244248
355	61.5191675260694
356	97.5887260911208
357	99.3108800809642
358	99.4065553026221
359	106.677872148627
360	112.609735891421
361	118.063223525925
362	139.781498842282
363	138.44204573907
364	170.780270659461
365	184.46182735655
366	287.121340195543
367	305.203957088898
368	308.265564181953
369	309.700692506822
370	311.996897826613
371	258.992825028103
372	254.87879049681
373	250.669080743859
374	232.682139072163
375	216.991402720257
376	215.46059917373
377	215.46059917373
378	215.364923952072
379	200.726615038403
380	194.31637518732
381	166.570560906511
382	163.508953813456
383	166.570560906511
384	166.379210463195
385	167.240287458117
386	59.892688757884
387	41.8100718645292
388	33.3906523586286
389	27.7458142808089
390	25.5452841826758
391	25.5452841826758
392	25.5452841826758
393	25.6409594043337
394	25.6409594043337
395	25.6409594043337
396	25.7366346259917
397	28.7025664973885
398	45.9241063958216
399	58.5532356546725
400	61.3278170827534
401	72.4261427950769
402	79.0277330894762
403	83.7158189507163
404	78.5493569811864
405	86.0120242705074
406	108.40002613847
407	106.103820818679
408	111.652983674841
409	130.309651898144
410	132.031805887987
411	145.04363603347
412	139.303122733992
413	164.848406916668
414	163.987329921746
415	166.283535241537
416	171.067296324435
417	208.85900887933
418	246.459370990909
419	371.889586584497
420	453.596225880397
421	618.348957575407
422	658.915251558383
423	704.456657067573
424	740.621890854283
425	780.996834393943
426	781.953586610523
427	851.126771869229
428	935.512317371551
429	1068.78790114109
430	1290.85009060922
431	1313.4294429205
432	1338.78337665986
433	1345.19361651095
434	1378.48859364792
435	1415.13220354292
436	1437.80723107585
437	1431.1099655598
438	1247.8919160848
439	1149.3464377771
440	1061.0382081868
441	1040.85073641697
442	1048.69610459292
443	1058.55065242369
444	1028.41295760143
445	871.601269304032
446	838.784668275351
447	786.545997250104
448	688.574570272351
449	661.402807321491
450	710.962572140315
451	723.209000512534
452	701.490725196176
453	528.127223551949
454	521.04725714926
455	522.386710252472
456	565.631910441871
457	588.115587531492
458	572.998902509534
459	569.171893643216
460	569.650269751505
461	564.196782117002
462	572.23350073627
463	572.23350073627
464	567.06703876674
465	560.752474137315
466	558.934644925814
467	525.7353430105
468	364.235568851861
469	355.624798902644
470	333.141121813023
471	260.140927687998
472	139.685823620624
473	134.71071209441
474	116.245394314423
475	89.5520074718521
476	89.4563322501941
477	84.1941950590063
478	69.7472365886541
479	35.9738833433936
480	35.9738833433936
481	33.5820028019445
482	29.3722930489942
483	31.5728231471273
484	31.5728231471273
485	27.7458142808089
486	27.7458142808089
487	25.5452841826758
488	25.5452841826758
489	25.1625832960439
490	29.946344378942
491	30.6160709305477
492	30.6160709305477
493	30.6160709305477
494	30.6160709305477
495	38.3657638848426
496	53.3867736851426
497	59.3186374279362
498	75.2963994448158
499	87.351477373719
500	97.301700426147
501	119.498351850794
502	136.624216527569
503	198.52608494027
504	214.790872622124
505	220.244360256628
506	220.244360256628
507	220.244360256628
508	220.244360256628
509	220.244360256628
510	220.244360256628
511	209.81576109591
512	209.81576109591
513	207.136854889487
514	192.115845089187
515	195.751503512189
516	140.259874950572
517	122.272933278875
518	87.6385030386928
519	48.5073373805866
520	39.0354904364484
521	30.6160709305477
522	29.946344378942
523	29.946344378942
524	27.9371647241248
525	24.3971815227802
526	22.483677089621
527	22.483677089621
528	22.483677089621
529	22.388001867963
530	22.388001867963
531	21.0485487647516
532	21.9096257596732
533	19.8047708831981
534	19.8047708831981
535	19.8047708831981
536	9.37617172248024
537	3.44430797968662
538	2.58323098476497
539	1.05242743823758
540	1.05242743823758
541	1.05242743823758
542	0.861076994921655
543	3.34863275802866
544	3.34863275802866
545	3.34863275802866
546	3.53998320134458
547	3.53998320134458
548	8.51509472755859
549	26.5977116209133
550	27.554463837493
551	37.2176612249471
552	46.5938329474273
553	50.6121922570617
554	50.6121922570617
555	50.6121922570617
556	50.6121922570617
557	54.1521754584063
558	54.1521754584063
559	54.1521754584063
560	54.1521754584063
561	54.1521754584063
562	54.1521754584063
563	52.430021468563
564	55.8743294482496
565	63.4326719592286
566	53.5781241284585
567	67.8337321554947
568	55.7786542265916
569	52.0473205819311
570	54.1521754584063
571	54.1521754584063
572	59.5099878712522
573	59.5099878712522
574	57.309457773119
575	57.309457773119
576	57.309457773119
577	55.6829790049337
578	61.2321418610955
579	63.2413215159127
580	55.3002781183018
581	60.1797144228579
582	69.555886145338
583	66.0159029439935
584	65.6332020573616
585	138.155020074097
586	188.575861887842
587	184.653177799866
588	293.627255268285
589	347.014028953427
590	363.470167078597
591	375.5252450075
592	466.225355139247
593	476.940979964939
594	508.322452668751
595	634.326719592287
596	698.142092438147
597	786.067621141814
598	869.974790535846
599	879.733663144958
600	869.974790535846
601	862.416448024867
602	844.333831131512
603	795.826493750926
604	789.224903456526
605	756.025601541214
606	737.560283761227
607	687.904843720745
608	687.330792390798
609	681.398928648004
610	683.695133967795
611	598.06581058392
612	531.85855719661
613	392.938135349249
614	358.303705109067
615	310.083393393455
616	281.66785256104
617	204.64929912638
618	204.840649569696
619	195.942853955505
620	148.583619234814
621	196.229879620479
622	207.710906219435
623	201.874717698299
624	206.084427451249
625	195.081776960584
626	199.291486713534
627	178.33861317044
628	174.989980412412
629	148.77496967813
630	148.966320121446
631	153.080354652738
632	156.046286524135
633	160.255996277086
634	158.6295175089
635	160.447346720401
636	167.048937014801
637	163.700304256772
638	172.406749427647
639	172.406749427647
640	162.456526375219
641	150.592798889631
642	148.583619234814
643	135.858814754305
644	124.951839485298
645	133.084233326225
646	126.769668696799
647	126.769668696799
648	128.683173129958
649	117.871873082609
650	118.445924412556
651	106.103820818679
652	107.060573035259
653	102.372487174019
654	100.650333184176
655	107.921650030181
656	117.967548304267
657	119.307001407478
658	130.213976676486
659	134.423686429436
660	133.945310321146
661	150.018747559684
662	186.183981346393
663	270.665202070374
664	289.513220736993
665	376.00362111579
666	420.875300073374
667	427.955266476063
668	430.251471795854
669	432.452001893987
670	445.272481596154
671	448.525439132525
672	474.166398536859
673	515.498094293098
674	533.77206162977
675	528.031548330292
676	535.111514732981
677	545.92281478033
678	533.485035964795
679	528.318573995265
680	483.255544594365
681	474.070723315201
682	453.404875437081
683	373.037689244393
684	366.053398063362
685	342.421618313845
686	318.215787234381
687	325.487104080386
688	369.210680378074
689	531.954232418268
690	604.954426543293
691	626.385676194676
692	620.54948767354
693	612.895469940903
694	594.430152160917
695	584.86262999512
696	567.545414875029
697	562.570303348815
698	562.570303348815
699	557.212490935969
700	557.212490935969
701	553.863858177941
702	553.863858177941
703	533.772061629769
704	533.772061629769
705	522.099684587497
706	22.388001867963
707	2.87025664973885
708	2.96593187139681
709	2.96593187139681
710	2.00917965481719
711	2.00917965481719
712	2.00917965481719
713	2.00917965481719
714	2.00917965481719
715	2.00917965481719
716	2.00917965481719
717	2.00917965481719
718	2.00917965481719
719	2.00917965481719
720	1.05242743823758
721	1.05242743823758
722	1.05242743823758
723	1.05242743823758
724	1.05242743823758
725	1.05242743823758
726	1.05242743823758
727	1.05242743823758
728	1.05242743823758
729	1.05242743823758
730	2.77458142808089
731	4.20970975295031
732	4.20970975295031
733	4.30538497460827
734	4.30538497460827
735	4.30538497460827
736	4.30538497460827
737	4.30538497460827
738	8.51509472755859
739	8.51509472755859
740	10.9069752690076
741	10.9069752690076
742	10.9069752690076
743	9.85454783077005
744	9.85454783077005
745	9.85454783077005
746	9.85454783077005
747	11.1940009339815
748	13.2031805887987
749	13.2031805887987
750	13.2031805887987
751	13.2031805887987
752	13.2031805887987
753	13.2031805887987
754	13.2031805887987
755	8.9934708358484
756	8.9934708358484
757	8.9934708358484
758	8.9934708358484
759	7.27131684600509
760	7.27131684600509
761	7.27131684600509
762	7.27131684600509
763	7.27131684600509
764	7.27131684600509
765	10.7156248256917
766	10.7156248256917
767	14.6383089136681
768	46.2111320607955
769	67.4510312688629
770	61.6148427477273
771	61.6148427477273
772	61.6148427477273
773	62.1888940776751
774	67.0683303822311
775	67.0683303822311
776	67.0683303822311
777	67.0683303822311
778	67.0683303822311
779	67.0683303822311
780	67.0683303822311
781	69.9385870319699
782	69.9385870319699
783	69.9385870319699
784	17.2215398984331
785	20.091796548172
786	20.091796548172
787	20.091796548172
788	20.091796548172
789	16.5518133468274
790	16.5518133468274
791	16.5518133468274
792	16.5518133468274
793	15.6907363519057
794	14.2556080270363
795	14.3512832486942
796	14.3512832486942
797	17.6999160067229
798	21.2398992080675
799	22.579352311279
800	28.1285151674407
801	26.0236602909656
802	26.0236602909656
803	36.3565842300254
804	45.1587046225579
805	51.8559701386152
806	62.6672701859649
807	75.1050490014999
808	74.5309976715521
809	74.818023336526
810	78.1666560945546
811	81.5152888525833
812	83.6201437290585
813	95.1011703280139
814	100.650333184176
815	105.816795153706
816	105.816795153706
817	107.347598700233
818	106.486521705311
819	100.554657962518
820	96.4406234312253
821	96.3449482095673
822	82.3763658475049
823	84.2898702806642
824	76.1574764397374
825	72.139117130103
826	70.5126383619177
827	69.651561366996
828	69.3645357020221
829	52.525696690221
830	50.6121922570617
831	49.2727391538503
832	48.5073373805866
833	9.95022305242801
834	9.95022305242801
835	9.85454783077005
836	9.85454783077005
837	7.46266728932101
838	5.54916285616178
839	7.17564162434712
840	7.17564162434712
841	7.17564162434712
842	7.17564162434712
843	8.51509472755859
844	8.51509472755859
845	8.51509472755859
846	10.7156248256917
847	10.7156248256917
848	10.7156248256917
849	14.0642575837204
850	13.7772319187465
851	18.1782921150127
852	18.1782921150127
853	18.1782921150127
854	23.9188054144904
855	25.5452841826758
856	25.5452841826758
857	32.8166010286809
858	32.8166010286809
859	47.8376108289809
860	59.892688757884
861	55.2046028966439
862	55.2046028966439
863	59.892688757884
864	60.9451161961216
865	61.9018684127012
866	63.4326719592286
867	63.4326719592286
868	63.4326719592286
869	57.0224321081452
870	57.0224321081452
871	57.6921586597509
872	56.3527055565394
873	52.334346246905
874	57.6921586597509
875	44.2976276276363
876	28.4155408324146
877	42.2884479728191
878	79.79313486274
879	181.687245928469
880	216.704377055283
881	259.949577244682
882	257.366346259917
883	262.819833894421
884	268.751697637215
885	268.751697637215
886	267.890620642293
887	270.760877292032
888	277.266792364773
889	277.266792364773
890	277.266792364773
891	277.266792364773
892	274.492210936692
893	277.362467586431
894	276.310040148194
895	228.950805427502
896	70.2256126969438
897	68.3121082637846
898	61.4234923044114
899	56.9267568864872
900	56.8310816648292
901	54.7262267883541
902	49.4640895971662
903	42.384123194477
904	33.0079514719968
905	31.5728231471273
906	32.2425496987331
907	23.7274549711745
908	28.7982417190465
909	29.850669157284
910	31.5728231471273
911	29.7549939356261
912	39.7052169880541
913	41.6187214212133
914	42.6711488594509
915	51.6646196952993
916	47.6462603856649
917	49.7511152621401
918	53.7694745717745
919	53.7694745717745
920	150.784149332947
921	166.953261793143
922	170.206219329514
923	173.267826422568
924	166.092184798221
925	162.647876818535
926	165.2311078033
927	164.27435558672
928	162.552201596877
929	157.385739627347
930	154.706833420924
931	154.706833420924
932	157.098713962373
933	159.490594503822
934	148.583619234814
935	52.2386710252471
936	39.3225161014222
937	36.0695585650515
938	36.0695585650515
939	38.0787382198687
940	37.2176612249471
941	37.9830629982108
942	37.9830629982108
943	37.9830629982108
944	35.1128063484719
945	31.0944470388375
946	31.0944470388375
947	28.7025664973885
948	28.5112160540726
949	26.3106859559395
950	25.4496089610178
951	24.5885319660962
952	24.5885319660962
953	24.1101558578063
954	22.9620531979108
955	22.388001867963
956	29.7549939356261
957	33.4863275802866
958	43.1495249677407
959	44.0106019626624
960	40.1835930963439
961	39.5138665447382
962	36.6436098949993
963	36.6436098949993
964	36.6436098949993
965	43.9149267410044
966	53.1954232418267
967	54.4392011233802
968	54.4392011233802
969	54.4392011233802
970	54.4392011233802
971	51.2819188086674
972	46.4981577257694
973	41.8100718645292
974	46.2111320607955
975	49.4640895971662
976	47.8376108289808
977	46.6895081690853
978	46.6895081690853
979	45.9241063958216
980	45.9241063958216
981	45.1587046225579
982	47.359234720691
983	41.6187214212133
984	41.6187214212133
985	41.6187214212133
986	41.6187214212133
987	41.1403453129235
988	29.6593187139681
989	29.6593187139681
990	28.1285151674407
991	28.6068912757305
992	28.7982417190465
993	24.5885319660961
994	36.2609090083675
995	42.0970975295031
996	39.4181913230802
997	37.7917125548949
998	35.6868576784197
999	35.6868576784197
1000	36.1652337867095
1001	33.4863275802866
1002	36.7392851166573
1003	36.8349603383152
1004	41.3316957562394
1005	48.4116621589286
1006	66.6856294955992
1007	78.0709808728967
1008	77.7839552079228
1009	79.697459641082
1010	79.4104339761082
1011	76.5401773263693
1012	75.4877498881317
1013	77.4969295429489
1014	86.5860756004553
1015	96.7276490961992
1016	110.217855349972
1017	108.400026138471
1018	117.584847417635
1019	126.099942145193
1020	127.822096135037
1021	127.630745691721
1022	134.71071209441
1023	133.562609434514
1024	137.485293522491
1025	133.945310321146
1026	137.963669630781
1027	130.02262623317
1028	139.303122733992
1029	138.250695295754
1030	122.942659830481
1031	106.964897813601
1032	101.894111065729
1033	103.998965942204
1034	92.3265888999329
1035	85.8206738271915
1036	82.185015404189
1037	77.6882799862648
1038	66.8769799389151
1039	59.3186374279363
1040	54.8219020100121
1041	50.5165170354038
1042	48.8900382672184
1043	48.3159869372707
1044	51.3775940303254
1045	65.7288772790196
1046	76.0618012180794
1047	107.156248256917
1048	119.21132618582
1049	123.229685495455
1050	128.5874979083
1051	147.531191796577
1052	145.713362585075
1053	171.545672432725
1054	184.46182735655
1055	197.665007945349
1056	229.237831092476
1057	231.916737298899
1058	236.987524046771
1059	242.058310794643
1060	240.910208134747
1061	240.336156804799
1062	240.814532913089
1063	215.269248730413
1064	218.617881488442
1065	218.043830158494
1066	158.15114140061
1067	153.176029874396
1068	151.549551106211
1069	139.207447512334
1070	128.013446578353
1071	77.8796304295807
1072	73.1915445683406
1073	38.2700886631847
1074	38.2700886631847
1075	40.0879178746859
1076	41.1403453129235
1077	38.8441399931324
1078	36.5479346733414
1079	37.504686889921
1080	33.9647036885764
1081	25.1625832960439
1082	25.1625832960439
1083	15.1166850219579
1084	14.6383089136681
1085	14.6383089136681
1086	13.3945310321146
1087	13.3945310321146
1088	13.3945310321146
1089	13.3945310321146
1090	12.9161549238248
1091	14.7339841353261
1092	17.1258646767751
1093	12.1507531505611
1094	12.1507531505611
1095	12.1507531505611
1096	14.3512832486942
1097	15.4037106869318
1098	12.7248044805089
1099	12.7248044805089
1100	10.2372487174019
1101	10.2372487174019
1102	10.2372487174019
1103	10.2372487174019
1104	10.2372487174019
1105	10.2372487174019
1106	9.56752216579616
1107	9.56752216579616
1108	9.56752216579616
1109	6.31456462942547
1110	6.31456462942547
1111	2.29620531979108
1112	2.29620531979108
1113	1.2437778815535
1114	1.2437778815535
1115	1.2437778815535
1116	7.84536817595285
1117	7.84536817595285
1118	9.28049650082228
1119	9.28049650082228
1120	9.28049650082228
1121	11.9594027072452
1122	11.0026504906656
1123	12.3421035938771
1124	12.3421035938771
1125	12.3421035938771
1126	12.3421035938771
1127	12.3421035938771
1128	12.3421035938771
1129	12.3421035938771
1130	12.3421035938771
1131	12.3421035938771
1132	11.7680522639293
1133	11.7680522639293
1134	13.2031805887987
1135	13.2031805887987
1136	13.2031805887987
1137	14.7339841353261
1138	15.6907363519057
1139	15.6907363519057
1140	15.6907363519057
1141	15.6907363519057
1142	13.3945310321146
1143	12.533454037193
1144	11.1940009339815
1145	16.1691124601955
1146	32.6252505853649
1147	72.0434419084451
1148	128.683173129958
1149	134.136660764462
1150	151.932251992843
1151	231.534036412267
1152	248.851251532358
1153	262.245782564473
1154	263.872261332659
1155	269.89980029711
1156	282.911630442593
1157	294.392657041549
1158	335.341651911156
1159	405.184563721468
1160	493.971169420057
1161	541.426079362406
1162	579.122116695643
1163	582.470749453671
1164	571.850799849637
1165	578.835091030669
1166	573.477278617823
1167	546.209840445304
1168	526.69209522708
1169	486.125801244104
1170	472.635594990331
1171	455.79675597853
1172	444.124378936259
1173	440.106019626624
1174	419.822872635136
1175	417.622342537003
1176	345.578900628558
1177	171.737022876041
1178	152.601978544449
1179	162.934902483509
1180	143.6085077086
1181	131.936130666329
1182	103.042213725625
1183	107.538949143549
1184	149.444696229736
1185	186.279656568051
1186	212.686017745649
1187	256.026893156705
1188	255.644192270073
1189	261.958756899499
1190	294.679682706522
1191	378.204151213923
1192	424.702308939692
1193	556.064388276074
1194	607.537657528057
1195	687.809168499087
1196	796.59189552419
1197	972.347277709865
1198	1010.13899026476
1199	1004.49415218694
1200	999.997416769017
1201	1066.20467015633
1202	1196.13162116784
1203	1374.94861044657
1204	1534.05650406377
1205	1665.80128428678
1206	1674.69907990097
1207	1641.88247887229
1208	1508.60689510275
1209	1491.67238086929
1210	1491.28967998266
1211	1457.80335240237
1212	1318.40455444672
1213	1015.78382834258
1214	989.951518494933
1215	959.431122786043
1216	965.841362637127
1217	949.863600620247
1218	965.458661750495
1219	987.176937066852
1220	938.765274907923
1221	841.27222403846
1222	710.579871253684
1223	495.980349074875
1224	464.694551592721
1225	424.032582388087
1226	415.995863768819
1227	373.133364466052
1228	354.381021021091
1229	323.573599647227
1230	297.645614577919
1231	294.009956154917
1232	284.825134875752
1233	256.122568378363
1234	218.043830158494
1235	189.532614104422
1236	150.592798889631
1237	96.9189995395151
1238	93.4746915598285
1239	89.64768269351
1240	75.2007242231578
1241	69.0775100370483
1242	68.2164330421266
1243	64.3894241758082
1244	61.9975436343592
1245	58.6489108763305
1246	25.2582585177019
1247	21.4312496513834
1248	17.3172151200911
1249	18.5609930016446
1250	18.5609930016446
1251	18.5609930016446
1252	23.1534036412267
1253	26.4063611775974
1254	25.9279850693076
1255	28.8939169407044
1256	28.7025664973885
1257	26.2150107342815
1258	24.1101558578063
1259	22.8663779762528
1260	22.0053009813312
1261	48.3159869372707
1262	51.6646196952993
1263	52.7170471335369
1264	72.330467573419
1265	72.9045189033667
1266	78.1666560945546
1267	84.672571167296
1268	84.9595968322699
1269	84.9595968322699
1270	84.9595968322699
1271	96.7276490961991
1272	101.415734957439
1273	101.415734957439
1274	105.051393380442
1275	108.304350916812
1276	113.853513772974
1277	119.402676629136
1278	120.837804954005
1279	117.680522639293
1280	126.482643031825
1281	120.359428845716
1282	110.600556236604
1283	123.516711160428
1284	167.431637901433
1285	205.12767523467
1286	303.481803099055
1287	306.160709305478
1288	355.624798902644
1289	371.698236141181
1290	404.419161948204
1291	421.545026624979
1292	444.794105487864
1293	446.516259477707
1294	455.509730313556
1295	464.69455159272
1296	459.623764844848
1297	445.176806374496
1298	443.263301941337
1299	425.75473637793
1300	410.159675247682
1301	383.370613183452
1302	375.5252450075
1303	325.391428858728
1304	319.555240337592
1305	288.652143742071
1306	266.359817095765
1307	226.845950551027
1308	206.467128337881
1309	105.1470686021
1310	49.3684143755082
1311	32.529575363707
1312	61.7105179693853
1313	62.6672701859649
1314	75.1050490014999
1315	99.789256189254
1316	110.600556236604
1317	120.837804954005
1318	122.559958943849
1319	125.81291648022
1320	123.516711160428
1321	119.785377515768
1322	119.115650964162
1323	120.263753624058
1324	115.384317319502
1325	134.23233598612
1326	145.809037806733
1327	154.89818386424
1328	204.075247796432
1329	224.071369122946
1330	319.555240337593
1331	456.370807308478
1332	510.618657988542
1333	619.879761121935
1334	818.788546948838
1335	1071.46680734752
1336	1180.24953437262
1337	1243.29950544522
1338	1291.32846671752
1339	1346.05469350587
1340	1440.58181250394
1341	1510.13769864928
1342	1570.98713962374
1343	1649.8235222699
1344	1723.39776772487
1345	1965.93445462781
1346	2167.1394457745
1347	2392.35891755734
1348	2552.80626427774
1349	2773.62467586432
1350	2181.10802813656
1351	2167.71349710444
1352	2169.81835198092
1353	2143.41199080332
1354	2152.02276075254
1355	2147.3346748913
1356	2149.63088021109
1357	2041.32652929428
1358	2104.47217558853
1359	2096.91383307755
1360	2101.69759416045
1361	2100.26246583558
1362	2027.45362215387
1363	2026.68822038061
1364	1829.97996465184
1365	1742.72416249978
1366	1464.97899402671
1367	1075.86786754378
1368	979.331568890896
1369	628.490531071151
1370	325.965480188676
1371	294.966708371496
1372	287.121340195543
1373	212.877368188964
1374	192.498545975819
1375	164.944082138326
1376	140.451225393888
1377	138.92042184736
1378	136.815566970885
1379	103.042213725625
1380	109.83515446334
1381	110.217855349972
1382	70.4169631402598
1383	70.2256126969438
1384	71.0866896918655
1385	71.0866896918655
1386	62.2845692993331
1387	59.0316117629624
1388	47.8376108289808
1389	40.3749435396598
1390	42.1927727511611
1391	37.1219860032891
1392	37.1219860032891
1393	35.4955072351038
1394	33.1993019153127
1395	28.7025664973885
1396	28.7025664973885
1397	29.6593187139681
1398	29.6593187139681
1399	22.388001867963
1400	24.1101558578063
1401	16.1691124601955
1402	17.2215398984331
1403	16.5518133468274
1404	16.5518133468274
1405	15.8820867952216
1406	15.8820867952216
1407	15.8820867952216
1408	17.8912664500388
1409	17.8912664500388
1410	22.8663779762528
1411	22.8663779762528
1412	22.483677089621
1413	22.1966514246471
1414	19.900446104856
1415	22.0053009813312
1416	23.0577284195688
1417	26.6933868425713
1418	24.1101558578063
1419	29.5636434923102
1420	30.9030965955216
1421	31.8598488121012
1422	34.0603789102344
1423	37.7917125548949
1424	39.89656743137
1425	39.89656743137
1426	43.1495249677407
1427	42.2884479728191
1428	45.8284311741636
1429	45.8284311741636
1430	41.5230461995554
1431	40.1835930963439
1432	39.6095417663961
1433	41.2360205345815
1434	30.5203957088898
1435	29.850669157284
1436	31.4771479254694
1437	39.4181913230802
1438	37.6003621115789
1439	37.6003621115789
1440	41.5230461995554
1441	44.1062771843203
1442	44.2976276276363
1443	47.2635594990331
1444	51.2819188086675
1445	46.0197816174796
1446	51.3775940303254
1447	50.3251665920878
1448	51.5689444736413
1449	55.4916285616178
1450	61.6148427477273
1451	64.1023985108343
1452	65.0591507274139
1453	67.164005603889
1454	62.475919742649
1455	54.0565002367483
1456	54.0565002367483
1457	54.0565002367483
1458	54.0565002367483
1459	54.0565002367483
1460	50.3251665920878
1461	49.6554400404821
1462	45.0630294009
1463	44.967354179242
1464	32.8166010286809
1465	32.8166010286809
1466	36.9306355599732
1467	37.2176612249471
1468	37.2176612249471
1469	39.6095417663961
1470	39.7052169880541
1471	39.7052169880541
1472	39.5138665447382
1473	39.5138665447382
1474	38.9398152147904
1475	38.9398152147904
1476	38.1744134415267
1477	34.8257806834981
1478	34.8257806834981
1479	29.7549939356261
1480	52.0473205819311
1481	249.903678970596
1482	415.517487660529
1483	428.529317806011
1484	462.206995829614
1485	559.60437147742
1486	568.884867978242
1487	599.213913243816
1488	677.38056933837
1489	685.417287957639
1490	685.417287957639
1491	685.417287957639
1492	690.296724262195
1493	696.898314556595
1494	704.456657067574
1495	714.980931449949
1496	667.908722394232
1497	648.008276289376
1498	517.028897839626
1499	501.81653759601
1500	477.897732181519
1501	347.492405061717
1502	332.184369596444
1503	277.936518916379
1504	267.316569312345
1505	244.06749044946
1506	197.090956615401
1507	187.236408784631
1508	187.619109671263
1509	194.31637518732
1510	200.630939816746
1511	189.532614104422
1512	186.566682233025
1513	185.131553908156
1514	170.493244994488
1515	152.410628101133
1516	134.615036872752
1517	110.217855349972
1518	99.1195296376482
1519	99.1195296376482
1520	96.6319738745412
1521	117.776197860951
1522	120.072403180742
1523	130.405327119802
1524	137.772319187465
1525	149.636046673052
1526	148.105243126525
1527	120.742129732348
1528	119.976727959084
1529	111.270282788209
1530	119.115650964162
1531	112.418385448105
1532	114.427565102922
1533	112.896761556395
1534	123.421035938771
1535	127.343720026747
1536	123.995087268718
1537	101.511410179097
1538	104.19031638552
1539	103.042213725625
1540	95.5795464363036
1541	59.988363979542
1542	58.8402613196464
1543	55.6829790049337
1544	57.500808216435
1545	57.500808216435
1546	57.500808216435
1547	57.500808216435
1548	57.500808216435
1549	26.8847372858872
1550	26.5020363992554
1551	26.5020363992554
1552	27.554463837493
1553	25.066908074386
1554	25.066908074386
1555	27.458788615835
1556	25.7366346259917
1557	24.3015063011223
1558	23.4404293062006
1559	30.4247204872318
1560	28.1285151674407
1561	28.1285151674407
1562	31.6684983687853
1563	29.5636434923102
1564	32.433900142049
1565	31.7641735904433
1566	29.3722930489942
1567	29.3722930489942
1568	29.946344378942
1569	29.946344378942
1570	31.7641735904433
1571	31.7641735904433
1572	36.0695585650516
1573	36.0695585650516
1574	33.1993019153127
1575	30.9987718171796
1576	30.9987718171796
1577	20.5701726564618
1578	16.2647876818535
1579	12.9161549238248
1580	7.74969295429489
1581	7.74969295429489
1582	7.74969295429489
1583	14.1599328053783
1584	23.1534036412267
1585	23.1534036412267
1586	31.1901222604955
1587	33.5820028019445
1588	33.5820028019445
1589	29.7549939356261
1590	33.5820028019445
1591	34.1560541318923
1592	35.2084815701299
1593	35.2084815701299
1594	35.3998320134458
1595	40.9489948696076
1596	53.6737993501165
1597	67.4510312688629
1598	67.4510312688629
1599	66.3029286089673
1600	71.8520914651291
1601	71.9477666867871
1602	71.8520914651291
1603	69.3645357020221
1604	72.7131684600508
1605	67.5467064905208
1606	68.1207578204686
1607	68.1207578204686
1608	69.1731852587062
1609	65.9202277223355
1610	65.7288772790196
1611	58.4575604330146
1612	53.1954232418267
1613	41.7143966428713
1614	28.7025664973885
1615	23.1534036412267
1616	22.8663779762528
1617	54.2478506800643
1618	56.2570303348815
1619	55.3959533399598
1620	55.3959533399598
1621	57.8835091030668
1622	57.8835091030668
1623	57.500808216435
1624	57.500808216435
1625	57.500808216435
1626	60.0840392011999
1627	60.0840392011999
1628	60.1797144228579
1629	60.1797144228579
1630	64.676449840782
1631	67.0683303822311
1632	64.8678002840979
1633	64.5807746191241
1634	54.7262267883541
1635	59.797013536226
1636	59.797013536226
1637	59.797013536226
1638	58.8402613196464
1639	55.3959533399598
1640	22.9620531979108
1641	19.996121326514
1642	19.996121326514
1643	19.996121326514
1644	21.7182753163573
1645	24.3015063011223
1646	21.6226000946993
1647	18.4653177799866
1648	21.2398992080675
1649	18.8480186666185
1650	13.8729071404044
1651	10.6199496040337
1652	12.533454037193
1653	17.412890341749
1654	18.8480186666185
1655	17.0301894551172
1656	17.0301894551172
1657	17.0301894551172
1658	30.3290452655739
1659	44.0106019626624
1660	47.0722090557171
1661	46.9765338340592
1662	113.853513772974
1663	118.924300520846
1664	181.591570706811
1665	234.69131872698
1666	252.773935620334
1667	252.773935620334
1668	261.9587568995
1669	266.551167539082
1670	288.939169407045
1671	294.584007484865
1672	311.518521718324
1673	319.172539450961
1674	326.348181075308
1675	300.802896892632
1676	310.466094280086
1677	318.407137677697
1678	318.981189007645
1679	330.749241271574
1680	324.81737752878
1681	214.790872622124
1682	168.005689231381
1683	163.987329921746
1684	176.233758293965
1685	180.156442381942
1686	189.245588439448
1687	219.574633705022
1688	228.08972843258
1689	230.290258530713
1690	236.222122273507
1691	233.7345665104
1692	238.135626706666
1693	239.37940458822
1694	211.346564642437
1695	209.528735430936
1696	221.296787694865
1697	221.296787694865
1698	222.636240798077
1699	222.636240798077
1700	221.009762029891
1701	227.228651437659
1702	220.244360256628
1703	231.916737298899
1704	231.916737298899
1705	220.435710699944
1706	221.583813359839
1707	212.111966415701
1708	231.342685968951
1709	228.185403654238
1710	213.068718632281
1711	219.19193281839
1712	227.994053210922
1713	216.417351390309
1714	216.417351390309
1715	204.266598239748
1716	203.501196466484
1717	202.544444249905
1718	193.933674300688
1719	177.860237062151
1720	176.616459180597
1721	174.989980412412
1722	174.989980412412
1723	155.950611302477
1724	154.037106869318
1725	150.497123667974
1726	141.503652832125
1727	100.45898274086
1728	11.0026504906656
1729	11.0026504906656
1730	11.0026504906656
1731	11.0026504906656
1732	11.0026504906656
1733	11.0026504906656
1734	10.9069752690076
1735	6.41023985108343
1736	6.41023985108343
1737	7.84536817595285
1738	6.79294073771528
1739	12.1507531505611
1740	24.3971815227802
1741	33.1036266936548
1742	38.5571143281586
1743	38.5571143281586
1744	38.5571143281586
1745	38.5571143281586
1746	38.5571143281586
1747	38.5571143281586
1748	38.5571143281586
1749	40.9489948696076
1750	40.9489948696076
1751	40.9489948696076
1752	39.3225161014223
1753	39.3225161014223
1754	39.3225161014223
1755	40.1835930963439
1756	38.8441399931325
1757	36.2609090083675
1758	36.2609090083675
1759	29.946344378942
1760	21.2398992080675
1761	30.9987718171796
1762	28.5112160540726
1763	25.8323098476497
1764	25.6409594043337
1765	26.0236602909656
1766	26.5977116209133
1767	27.0760877292031
1768	41.3316957562394
1769	88.4995800336145
1770	92.0395632349591
1771	99.3108800809642
1772	99.8849314109119
1773	99.8849314109119
1774	104.19031638552
1775	118.541599634214
1776	119.21132618582
1777	119.307001407478
1778	122.942659830481
1779	135.476113867674
1780	159.299244060506
1781	152.793328987765
1782	155.280884750872
1783	155.472235194188
1784	105.912470375363
1785	119.498351850794
1786	118.063223525925
1787	118.063223525925
1788	118.063223525925
1789	119.21132618582
1790	119.21132618582
1791	118.541599634214
1792	118.541599634214
1793	115.767018206133
1794	115.767018206133
1795	115.767018206133
1796	110.887581901577
1797	98.3541278643845
1798	102.181136730703
1799	102.181136730703
1800	102.181136730703
1801	101.224384514123
1802	101.224384514123
1803	101.224384514123
1804	101.128709292465
1805	101.128709292465
1806	98.7368287510163
1807	93.8573924464603
1808	88.5952552552724
1809	35.6868576784197
1810	28.8939169407044
1811	51.1862435870095
1812	61.5191675260693
1813	68.5034587071005
1814	91.3698366833534
1815	110.409205793288
1816	128.109121800011
1817	161.308423715323
1818	194.699076073952
1819	205.319025677986
1820	213.355744297254
1821	238.326977149982
1822	243.58911434117
1823	243.58911434117
1824	253.730687836914
1825	253.730687836914
1826	332.949771369707
1827	408.150495592865
1828	461.250243613034
1829	482.681493264417
1830	540.565002367485
1831	544.870387342093
1832	528.60559966024
1833	557.21249093597
1834	553.48115729131
1835	538.364472269351
1836	533.580711186454
1837	503.634366807511
1838	455.31837987024
1839	443.837353271285
1840	437.714139085175
1841	429.868770909222
1842	422.788804506533
1843	417.335316872029
1844	314.197427924747
1845	289.321870293676
1846	221.009762029891
1847	178.147262727124
1848	85.7249986055336
1849	64.867800284098
1850	15.9777620168796
1851	42.479798416135
1852	833.809556749136
1853	4765.39144033976
1854	9202.521195171
1855	13784.6945860358
1856	13784.6945860358
1857	13784.6945860358
1858	13784.6945860358
1859	13784.6945860358
1860	13784.6945860358
1861	13784.6945860358
1862	13784.6945860358
1863	13784.6945860358
1864	13784.6945860358
1865	13784.6945860358
1866	13784.6945860358
1867	13783.5464833759
1868	13774.1703116534
1869	13722.7927176231
1870	0
1871	0
1872	0
1873	0
1874	0
1875	0
1876	0
1877	0
1878	0
1879	0
1880	0
1881	0
1882	0
1883	0
1884	0
1885	0
1886	0
1887	0
1888	0
1889	0
1890	0
1891	0
1892	0
1893	0
