length	RPM
0	0
1	137.093195434472
2	137.093195434472
3	137.093195434472
4	145.734614862332
5	145.734614862332
6	145.734614862332
7	151.257326526754
8	151.257326526754
9	159.508907484184
10	159.508907484184
11	159.508907484184
12	159.508907484184
13	162.757561404432
14	162.757561404432
15	162.757561404432
16	162.757561404432
17	99.4088099595932
18	95.7053444905103
19	85.3096519457163
20	93.7561521383614
21	93.7561521383614
22	81.4762403198234
23	98.6291330187336
24	79.2021825756497
25	79.2021825756497
26	86.6091135138155
27	86.6091135138155
28	86.6091135138155
29	86.6091135138155
30	93.5612329031465
31	93.5612329031465
32	75.9535286554016
33	75.9535286554016
34	76.3433671258314
35	76.3433671258314
36	66.402486129872
37	71.795251637484
38	62.958912974409
39	54.9022512521936
40	54.9022512521936
41	54.5124127817638
42	46.7156433731683
43	46.8455895299782
44	46.9105626083832
45	41.907635571201
46	41.972608649606
47	41.972608649606
48	27.9384237141341
49	27.9384237141341
50	27.9384237141341
51	27.9384237141341
52	43.4669894529201
53	52.6281935080199
54	52.6281935080199
55	52.6281935080199
56	57.696093623607
57	57.696093623607
58	57.696093623607
59	57.696093623607
60	50.2241896070363
61	39.8934701406472
62	39.8934701406472
63	39.7635239838373
64	45.0263433346393
65	53.7977089193093
66	53.7977089193093
67	53.2779242920696
68	53.2779242920696
69	53.2779242920696
70	60.6848552302353
71	60.6848552302353
72	60.6848552302353
73	60.6848552302353
74	60.6848552302353
75	66.2075668946572
76	66.2075668946572
77	32.1616738104566
78	74.7840132441123
79	82.1259711038731
80	149.762945723439
81	243.324178626586
82	252.290463446471
83	252.290463446471
84	252.290463446471
85	258.138040502918
86	258.138040502918
87	264.18053679458
88	264.18053679458
89	255.279225053099
90	255.279225053099
91	255.279225053099
92	255.279225053099
93	244.94850558671
94	249.821486467082
95	236.891843864495
96	98.8890253323535
97	98.8890253323535
98	109.154771720338
99	103.567086977511
100	95.8352906473202
101	81.6711595550383
102	39.7635239838373
103	46.3258049027385
104	64.843132248153
105	70.3658439125748
106	70.4308169909798
107	70.4308169909798
108	78.68239794841
109	73.7444439896329
110	81.8011057118482
111	93.7561521383614
112	122.214360479735
113	214.865970285212
114	269.183463831763
115	285.816571903433
116	280.943591023061
117	268.988544596548
118	268.988544596548
119	268.988544596548
120	268.988544596548
121	268.988544596548
122	268.988544596548
123	268.988544596548
124	268.988544596548
125	268.988544596548
126	268.988544596548
127	229.289993691114
128	206.224550857352
129	99.0839445675684
130	40.6731470815068
131	31.576916104812
132	29.3028583606383
133	7.01709246773599
134	7.08206554614096
135	12.0849925833231
136	26.8988544596547
137	29.9525891446879
138	114.222671835925
139	140.34184935472
140	140.34184935472
141	140.34184935472
142	135.663787709562
143	145.019910999877
144	152.816680408473
145	159.573880562589
146	210.902612502509
147	231.758970670503
148	231.758970670503
149	231.758970670503
150	231.758970670503
151	245.793155605975
152	245.793155605975
153	251.510786505611
154	272.302171595201
155	280.813644866251
156	280.813644866251
157	297.576699094731
158	297.576699094731
159	293.548368233624
160	293.548368233624
161	300.30556838774
162	315.639214891311
163	315.639214891311
164	315.704187969716
165	315.704187969716
166	265.60994451949
167	265.60994451949
168	245.20839790033
169	240.725255490387
170	212.267047149014
171	198.882592997591
172	198.882592997591
173	198.882592997591
174	197.778050664707
175	197.778050664707
176	181.859646455491
177	181.859646455491
178	102.722436958246
179	97.3946445290393
180	11.5002348776784
181	7.86174248700051
182	7.86174248700051
183	7.86174248700051
184	7.86174248700051
185	7.86174248700051
186	7.86174248700051
187	7.86174248700051
188	7.86174248700051
189	7.86174248700051
190	7.86174248700051
191	7.86174248700051
192	7.86174248700051
193	7.86174248700051
194	0.0649730784049629
195	0
196	0
197	0
198	0
199	0
200	0
201	0
202	0
203	0
204	0.0649730784049629
205	0.0649730784049629
206	0.0649730784049629
207	0.0649730784049629
208	0.0649730784049629
209	0.0649730784049629
210	0.0649730784049629
211	0.0649730784049629
212	10.7205579368189
213	17.4127850125301
214	17.4127850125301
215	17.4127850125301
216	17.4127850125301
217	17.4127850125301
218	17.4127850125301
219	17.4127850125301
220	17.4127850125301
221	17.4127850125301
222	17.4127850125301
223	17.4127850125301
224	17.4127850125301
225	17.4127850125301
226	17.4127850125301
227	17.4127850125301
228	17.4127850125301
229	17.4127850125301
230	10.6555848584139
231	0
232	0
233	0
234	0
235	0
236	0
237	0
238	0
239	0
240	0
241	0
242	0
243	0
244	0
245	0
246	0
247	0
248	0
249	0
250	0
251	0
252	0
253	0
254	0
255	0
256	1.03956925447941
257	1.03956925447941
258	1.03956925447941
259	1.03956925447941
260	1.03956925447941
261	1.03956925447941
262	1.03956925447941
263	9.09623097669481
264	17.8026234829598
265	17.9325696397698
266	38.1391970237132
267	81.2813210846086
268	81.2813210846086
269	81.2813210846086
270	81.2813210846086
271	81.2813210846086
272	81.2813210846086
273	81.2813210846086
274	83.945217299212
275	91.8719328646175
276	91.8719328646175
277	96.0302098825351
278	96.0302098825351
279	87.3887904546751
280	93.1064213543118
281	78.0976402427654
282	105.51627932966
283	142.680880177298
284	181.924619533896
285	251.835651897636
286	330.518049846048
287	335.585949961636
288	338.639684646669
289	343.772557840661
290	359.431069736257
291	359.301123579447
292	359.301123579447
293	359.301123579447
294	359.301123579447
295	359.301123579447
296	359.301123579447
297	368.462327634547
298	368.462327634547
299	368.462327634547
300	367.487731458472
301	367.487731458472
302	367.487731458472
303	375.869258572713
304	383.276189510879
305	383.276189510879
306	361.510208245216
307	329.21858827795
308	313.819968695973
309	299.395945290071
310	276.005637064285
311	275.94066398588
312	232.863513003387
313	232.798539924982
314	223.767282026692
315	207.913850895881
316	207.913850895881
317	205.184981602873
318	204.795143132443
319	132.739999181339
320	109.024825563528
321	32.6164853592914
322	32.6164853592914
323	27.5485852437043
324	18.9721388942492
325	11.4352617992735
326	11.4352617992735
327	16.8280273068854
328	16.8280273068854
329	16.8280273068854
330	16.8280273068854
331	35.3453546522998
332	35.6052469659196
333	35.6052469659196
334	40.6731470815068
335	40.8030932383167
336	40.8030932383167
337	40.8680663167216
338	41.1279586303415
339	32.7464315161013
340	36.774762377209
341	36.774762377209
342	41.1929317087464
343	41.1929317087464
344	41.1929317087464
345	41.1929317087464
346	41.3228778655564
347	50.2891626854413
348	43.0771509824904
349	28.2632891061589
350	28.2632891061589
351	28.2632891061589
352	35.7351931227296
353	113.37802181666
354	113.37802181666
355	154.570953525407
356	173.218227027631
357	181.404834906656
358	185.303219610954
359	190.825931275376
360	211.292450972939
361	211.682289443369
362	392.372420487573
363	388.27911654806
364	486.58338417477
365	502.696707619201
366	703.918331439366
367	744.266613128847
368	752.453221007872
369	767.526975197824
370	767.137136727394
371	646.287210894163
372	656.423011125337
373	656.423011125337
374	639.335091504832
375	639.335091504832
376	639.335091504832
377	632.642864429121
378	619.128464120889
379	608.862717732905
380	608.66779849769
381	550.906731795678
382	546.553535542545
383	546.423589385735
384	519.459761847675
385	430.901455981717
386	279.319264062938
387	259.437502071018
388	229.874751396758
389	217.59483957822
390	217.59483957822
391	216.815162637361
392	216.685216480551
393	216.685216480551
394	216.685216480551
395	216.620243402146
396	205.249954681278
397	218.959274224725
398	230.914320651238
399	232.278755297742
400	232.213782219337
401	244.16882864585
402	264.765294500226
403	264.505402186606
404	218.829328067915
405	159.443934405779
406	169.449788480143
407	177.766342515978
408	177.636396359168
409	203.040870015509
410	210.837639424104
411	283.087702610425
412	271.392548497532
413	315.314349499287
414	303.034437680749
415	321.226899634138
416	332.727134511817
417	350.529757994777
418	362.029992872455
419	401.728543777888
420	398.60983601445
421	442.72655625142
422	426.613232806989
423	436.099302254113
424	450.19846026799
425	466.506702947636
426	492.041122760787
427	503.021573011225
428	538.23698150671
429	552.596031834207
430	649.016080187172
431	623.871498844451
432	695.276912011506
433	666.363892121297
434	682.802080957753
435	685.660896407572
436	655.838253419694
437	636.54124913342
438	599.441621364186
439	562.796805143787
440	556.4294434601
441	568.254543729804
442	567.150001396919
443	579.364940137052
444	564.031293633481
445	507.374769264357
446	505.620496147423
447	491.976149682381
448	446.170129406882
449	445.455425544427
450	457.735337362965
451	426.548259728583
452	358.456473560182
453	277.824883259623
454	261.906479050407
455	255.604090445124
456	259.827340541448
457	249.756513388677
458	249.561594153462
459	244.55866711628
460	244.493694037875
461	251.445813427206
462	245.98807484119
463	245.98807484119
464	245.85812868438
465	245.85812868438
466	245.85812868438
467	240.335417019958
468	140.276876276315
469	140.276876276315
470	133.389729965389
471	88.8181981795843
472	43.791854844945
473	43.791854844945
474	43.72688176654
475	32.8114045945063
476	32.8114045945063
477	27.1587467732745
478	27.1587467732745
479	35.08546233868
480	35.08546233868
481	39.6985509054323
482	39.6985509054323
483	50.9388934694909
484	50.9388934694909
485	50.9388934694909
486	50.9388934694909
487	45.481154883474
488	45.546127961879
489	45.546127961879
490	45.546127961879
491	45.546127961879
492	45.546127961879
493	45.546127961879
494	45.546127961879
495	45.546127961879
496	59.6452859757559
497	82.8406749663277
498	100.513352292478
499	106.880713976164
500	196.998373723847
501	249.301701839843
502	256.708632778009
503	385.615220333455
504	385.615220333455
505	392.047555095546
506	392.047555095546
507	392.112528173951
508	392.112528173951
509	392.112528173951
510	392.112528173951
511	392.112528173951
512	392.112528173951
513	392.112528173951
514	365.928377576751
515	366.253242968776
516	183.02916186678
517	171.204061597077
518	141.771257079629
519	33.9809200057956
520	13.2545079946124
521	13.1245618378025
522	13.1245618378025
523	12.9946156809926
524	12.9296426025876
525	12.7996964457777
526	12.7996964457777
527	12.7996964457777
528	6.3023886052814
529	6.3023886052814
530	6.3023886052814
531	6.3023886052814
532	6.3023886052814
533	6.3023886052814
534	6.3023886052814
535	6.3023886052814
536	0.194919235214889
537	0
538	0
539	0
540	0
541	0
542	0
543	0
544	0
545	0
546	7.08206554614096
547	7.08206554614096
548	17.8026234829598
549	58.4107974860616
550	58.4757705644666
551	58.4757705644666
552	64.9730784049629
553	64.9730784049629
554	64.9730784049629
555	64.9730784049629
556	65.1030245617728
557	75.4337440281618
558	75.4337440281618
559	75.4337440281618
560	75.4337440281618
561	75.4337440281618
562	75.4337440281618
563	75.5636901849717
564	93.9510713735762
565	114.612510306354
566	114.352617992735
567	137.223141591281
568	130.40096835876
569	130.40096835876
570	135.988653101587
571	135.988653101587
572	135.988653101587
573	135.988653101587
574	135.988653101587
575	135.988653101587
576	135.988653101587
577	135.988653101587
578	125.852852870413
579	125.787879792008
580	131.635456848455
581	112.98818334623
582	112.793264111015
583	112.013587170156
584	52.0434358023752
585	33.9809200057956
586	39.5686047486224
587	26.5090159892249
588	33.3961623001509
589	44.3116394721847
590	44.4415856289946
591	44.4415856289946
592	91.9369059430225
593	91.9369059430225
594	91.9369059430225
595	109.349690955553
596	149.568026488225
597	197.128319880657
598	253.33003270095
599	284.452137256928
600	287.635818098772
601	287.635818098772
602	315.639214891311
603	323.111118907881
604	320.187330379658
605	320.122357301253
606	320.122357301253
607	314.339753323211
608	314.404726401616
609	314.404726401616
610	314.404726401616
611	299.00610681964
612	277.824883259622
613	221.428251204113
614	129.231452947471
615	122.53922587176
616	122.53922587176
617	122.66917202857
618	88.3633866307495
619	82.0609980254681
620	72.8348208919634
621	75.3687709497569
622	77.058070988286
623	70.4308169909797
624	77.2529902235008
625	77.2529902235008
626	81.5412133982284
627	50.4191088422512
628	50.4191088422512
629	42.037581728011
630	42.037581728011
631	36.3199508283743
632	36.0600585147544
633	43.5319625313251
634	43.5319625313251
635	43.5319625313251
636	43.5319625313251
637	43.5319625313251
638	43.5319625313251
639	43.5319625313251
640	39.3087124350025
641	47.8201857060527
642	47.8201857060527
643	47.7552126276477
644	37.5544393180685
645	64.9730784049629
646	58.0859320940368
647	51.2637588615157
648	51.2637588615157
649	51.2637588615157
650	55.0321974090036
651	59.0605282701113
652	62.1792360335495
653	70.4957900693847
654	70.4957900693847
655	70.5607631477897
656	91.8719328646175
657	115.717052639239
658	125.463014399983
659	133.974487671033
660	149.892891880249
661	159.443934405779
662	232.083836062527
663	205.055035446063
664	213.891374109138
665	305.373468503327
666	329.933292140404
667	329.933292140404
668	329.933292140404
669	329.933292140404
670	329.933292140404
671	351.179488778827
672	355.597658110364
673	363.39442751896
674	375.674339337498
675	394.126693604507
676	407.1213092855
677	420.310844201707
678	424.53409429803
679	424.40414814122
680	390.488201213829
681	387.564412685606
682	379.052939414556
683	357.871715854538
684	344.617207859925
685	322.721280437453
686	336.105734588875
687	376.518989356762
688	820.025222549035
689	1184.91403087132
690	1401.72919350868
691	1462.2191295037
692	1429.34275183079
693	1384.83619312339
694	1338.77028053427
695	1295.88804878699
696	1233.70881275344
697	1224.09279714951
698	1219.15484319073
699	1219.15484319073
700	1214.21688923195
701	1214.21688923195
702	1214.21688923195
703	1210.9682353117
704	1197.51880808188
705	1174.3234190913
706	84.075163456022
707	17.477758090935
708	17.477758090935
709	17.477758090935
710	17.477758090935
711	17.477758090935
712	17.477758090935
713	17.477758090935
714	17.477758090935
715	17.477758090935
716	17.477758090935
717	17.477758090935
718	17.477758090935
719	17.477758090935
720	10.9154771720338
721	10.9154771720338
722	0
723	0
724	0
725	0
726	0
727	0
728	0
729	0
730	0
731	0
732	0
733	0
734	0
735	0
736	0
737	0
738	0
739	0
740	0
741	0
742	0
743	0
744	0
745	0
746	7.01709246773599
747	7.01709246773599
748	7.01709246773599
749	7.01709246773599
750	7.01709246773599
751	7.01709246773599
752	7.01709246773599
753	7.01709246773599
754	7.01709246773599
755	7.01709246773599
756	7.01709246773599
757	7.01709246773599
758	7.01709246773599
759	7.01709246773599
760	7.01709246773599
761	7.01709246773599
762	7.01709246773599
763	7.01709246773599
764	7.01709246773599
765	7.01709246773599
766	7.01709246773599
767	40.9330393951266
768	40.9330393951266
769	40.9330393951266
770	40.9330393951266
771	40.9330393951266
772	40.9330393951266
773	40.9330393951266
774	40.9330393951266
775	40.9330393951266
776	40.9330393951266
777	40.9330393951266
778	40.9330393951266
779	40.9330393951266
780	40.9330393951266
781	40.9330393951266
782	40.9330393951266
783	40.9330393951266
784	40.9330393951266
785	40.9330393951266
786	40.9330393951266
787	33.9809200057956
788	25.9892313619852
789	25.9892313619852
790	25.9892313619852
791	25.9892313619852
792	25.9892313619852
793	27.7435044789192
794	20.2716004623484
795	20.5964658543732
796	20.5964658543732
797	20.6614389327782
798	20.6614389327782
799	27.2886929300844
800	31.9017814968368
801	31.9017814968368
802	31.9017814968368
803	27.2237198516795
804	27.2237198516795
805	18.0625157965797
806	21.6360351088527
807	21.6360351088527
808	21.6360351088527
809	21.7010081872576
810	21.7010081872576
811	21.7010081872576
812	21.7010081872576
813	21.7010081872576
814	31.576916104812
815	36.9696816124239
816	36.9696816124239
817	36.9696816124239
818	46.3907779811435
819	50.808947312681
820	44.1816933153747
821	45.481154883474
822	32.6164853592914
823	32.6164853592914
824	32.6164853592914
825	32.6164853592914
826	32.6164853592914
827	32.6164853592914
828	36.6448162203991
829	36.6448162203991
830	36.6448162203991
831	43.72688176654
832	43.72688176654
833	38.3341162589281
834	38.3341162589281
835	43.661908688135
836	43.5969356097301
837	41.5177971007713
838	50.2241896070363
839	50.2891626854413
840	50.2891626854413
841	50.2891626854413
842	50.2891626854413
843	50.2891626854413
844	55.6819281930532
845	55.6819281930532
846	55.6819281930532
847	55.6819281930532
848	45.8060202754988
849	38.7239547293579
850	38.7239547293579
851	55.941820506673
852	55.941820506673
853	47.235428000408
854	47.235428000408
855	47.300401078813
856	47.300401078813
857	47.300401078813
858	52.563220429615
859	58.9305821133013
860	69.2613015796904
861	49.8993242150115
862	49.8993242150115
863	54.1225743113341
864	58.7356628780865
865	58.7356628780865
866	62.5041014255743
867	62.5041014255743
868	62.5041014255743
869	68.4816246388309
870	60.8797744654502
871	66.7273515218969
872	66.7923246003018
873	61.4645321710949
874	78.3575325563852
875	61.4645321710949
876	65.5578361106075
877	79.5270479676745
878	327.269395925799
879	538.107035349903
880	585.927221055955
881	729.582697409328
882	729.582697409328
883	737.379466817924
884	737.314493739519
885	737.314493739519
886	737.314493739519
887	737.314493739519
888	737.314493739519
889	743.6168823448
890	743.6168823448
891	743.6168823448
892	743.6168823448
893	743.6168823448
894	743.6168823448
895	672.341415334556
896	80.1767787517242
897	79.9818595165093
898	75.5636901849718
899	79.0722364188398
900	79.0072633404348
901	83.8152711424021
902	77.9027210075504
903	58.9955551917063
904	31.4469699480021
905	27.6785314005142
906	23.7801466962164
907	16.2432696012407
908	16.7630542284804
909	20.4665196975633
910	20.4665196975633
911	27.6135583221093
912	78.68239794841
913	94.9906406280557
914	99.9285945868329
915	140.34184935472
916	145.929534097547
917	156.130307407126
918	149.957864958654
919	158.989122856944
920	759.535286554015
921	872.263577586625
922	881.814620112155
923	882.139485504179
924	882.139485504179
925	882.139485504179
926	882.139485504179
927	882.074512425775
928	882.074512425775
929	828.7316150553
930	828.60166889849
931	828.60166889849
932	828.60166889849
933	828.60166889849
934	819.83030331382
935	237.346655413329
936	102.722436958246
937	70.6257362261946
938	66.2725399730621
939	70.4308169909797
940	70.4308169909797
941	70.7556823830045
942	70.8206554614095
943	70.8206554614095
944	66.0126476594423
945	66.0126476594423
946	66.0126476594423
947	66.0126476594423
948	66.0776207378472
949	66.1425938162522
950	79.0072633404348
951	74.8489863225172
952	69.9760054421449
953	68.156759246806
954	68.156759246806
955	61.4645321710948
956	67.5720015411613
957	67.8318938547812
958	78.617424870005
959	78.617424870005
960	71.665305480674
961	71.5353593238641
962	71.5353593238641
963	74.0693093816576
964	80.7615364573688
965	80.7615364573688
966	99.8636215084279
967	105.64622548647
968	105.64622548647
969	105.64622548647
970	105.64622548647
971	111.948614091751
972	104.931521624015
973	115.327214168809
974	141.316445530794
975	142.226068628464
976	146.319372567976
977	101.812813860577
978	105.25638701604
979	106.230983192114
980	106.230983192114
981	95.0556137064606
982	95.0556137064606
983	95.0556137064606
984	94.6008021576259
985	94.6008021576259
986	94.6008021576259
987	94.6008021576259
988	87.0639250626502
989	87.0639250626502
990	87.0639250626502
991	93.1064213543117
992	84.5299750048567
993	84.6599211616666
994	98.3692407051138
995	90.962309766948
996	77.1230440666909
997	77.1230440666909
998	70.6907093045996
999	70.6907093045996
1000	70.6907093045996
1001	64.3883206993182
1002	50.9388934694909
1003	47.8201857060527
1004	54.5124127817639
1005	57.761066702012
1006	51.9784627239703
1007	58.6057167212765
1008	58.6057167212765
1009	60.2300436814006
1010	65.5578361106075
1011	65.6228091890125
1012	45.6111010402839
1013	45.6111010402839
1014	50.4191088422512
1015	50.4191088422512
1016	50.4191088422512
1017	43.791854844945
1018	56.5265782123177
1019	56.9164166827475
1020	56.9164166827475
1021	65.8177284242274
1022	59.1904744269212
1023	58.8656090348964
1024	60.8148013870453
1025	60.8148013870453
1026	60.8148013870453
1027	60.8148013870453
1028	54.6423589385738
1029	59.0605282701113
1030	51.1338127047058
1031	51.1338127047058
1032	51.1338127047058
1033	51.1338127047058
1034	44.5065587073996
1035	49.6394319013916
1036	49.6394319013916
1037	49.6394319013916
1038	56.2017128202929
1039	56.2017128202929
1040	64.9730784049629
1041	64.9730784049629
1042	61.5944783279048
1043	79.4620748892696
1044	87.6486827682949
1045	94.0160444519813
1046	98.044375313089
1047	120.914898911636
1048	127.867018300967
1049	127.867018300967
1050	127.867018300967
1051	144.500126372637
1052	144.500126372637
1053	144.954937921472
1054	151.517218840373
1055	139.237307021835
1056	140.991580138769
1057	140.991580138769
1058	140.991580138769
1059	140.991580138769
1060	140.991580138769
1061	140.991580138769
1062	140.991580138769
1063	135.273949239133
1064	189.006685080037
1065	195.958804469368
1066	134.104433827843
1067	127.022368281702
1068	127.022368281702
1069	119.875329657156
1070	113.313048738255
1071	96.0951829609401
1072	96.0951829609401
1073	96.0951829609401
1074	89.5329020420388
1075	89.5329020420388
1076	84.4000288480467
1077	84.4000288480467
1078	84.2700826912368
1079	84.2700826912368
1080	84.1401365344269
1081	16.7630542284804
1082	16.7630542284804
1083	1.94919235214889
1084	2.01416543055385
1085	2.2740577441737
1086	2.2740577441737
1087	2.2740577441737
1088	6.36736168368636
1089	6.36736168368636
1090	7.5368770949757
1091	14.5539695627117
1092	14.5539695627117
1093	14.5539695627117
1094	22.9354966769519
1095	22.9354966769519
1096	21.1812235600179
1097	21.1812235600179
1098	21.1812235600179
1099	21.1812235600179
1100	21.1812235600179
1101	21.051277403208
1102	21.051277403208
1103	21.051277403208
1104	21.051277403208
1105	21.051277403208
1106	21.051277403208
1107	21.051277403208
1108	21.051277403208
1109	12.8646695241827
1110	12.8646695241827
1111	12.8646695241827
1112	12.8646695241827
1113	4.41816933153748
1114	4.09330393951266
1115	4.09330393951266
1116	22.6756043633321
1117	22.6756043633321
1118	22.6756043633321
1119	22.6756043633321
1120	22.6756043633321
1121	25.3395005779355
1122	25.3395005779355
1123	25.3395005779355
1124	25.3395005779355
1125	29.1079391254234
1126	29.1079391254234
1127	29.1079391254234
1128	29.1079391254234
1129	29.1079391254234
1130	29.1079391254234
1131	29.1729122038283
1132	22.5456582065221
1133	18.5173273454144
1134	20.8563581679931
1135	21.116250481613
1136	21.116250481613
1137	21.2461966384229
1138	21.2461966384229
1139	21.2461966384229
1140	21.3111697168278
1141	21.3111697168278
1142	18.6472735022244
1143	12.0849925833231
1144	14.6839157195216
1145	16.5681349932655
1146	27.3536660084894
1147	41.5827701791762
1148	52.563220429615
1149	52.563220429615
1150	52.563220429615
1151	85.0497596320964
1152	85.0497596320964
1153	90.6374443749232
1154	97.8494560778741
1155	97.8494560778741
1156	111.558775621321
1157	111.623748699726
1158	111.623748699726
1159	117.991110383413
1160	132.804972259744
1161	136.573410807232
1162	166.720919187135
1163	173.283200106036
1164	180.950023357822
1165	197.518158351087
1166	200.247027644096
1167	208.888447071956
1168	189.201604315252
1169	189.201604315252
1170	178.026234829598
1171	177.896288672788
1172	177.831315594383
1173	164.511834521366
1174	157.299822818415
1175	157.299822818415
1176	138.067791610546
1177	92.2617713350473
1178	95.9002637257252
1179	95.9652368041301
1180	118.835760402677
1181	120.135221970776
1182	77.9676940859554
1183	71.9901708726988
1184	87.3238173762701
1185	150.607595742704
1186	158.859176700134
1187	201.6114622906
1188	207.004227798212
1189	206.744335484592
1190	225.001770516386
1191	271.262602340721
1192	272.172225438391
1193	365.473566027917
1194	399.844324504143
1195	435.904383018897
1196	467.22140681009
1197	503.216492246439
1198	529.530589000447
1199	521.149061886206
1200	529.725508235661
1201	537.457304565852
1202	598.856863658542
1203	676.889530822903
1204	750.893867126155
1205	808.265095357737
1206	808.330068436142
1207	797.544537420918
1208	672.731253804984
1209	666.298919042893
1210	643.883206993181
1211	623.806525766047
1212	538.821739212356
1213	458.06020275499
1214	435.839409940492
1215	448.834025621485
1216	466.246810634015
1217	466.376756790825
1218	463.387995184197
1219	474.498391591446
1220	470.210168416718
1221	473.913633885801
1222	420.245871123301
1223	243.714017097016
1224	218.76435498951
1225	176.596827104689
1226	168.670111539284
1227	153.531384270927
1228	153.401438114117
1229	153.401438114117
1230	150.477649585894
1231	143.395584039753
1232	124.098579753479
1233	124.033606675074
1234	88.3633866307495
1235	75.1088786361371
1236	59.450366740541
1237	45.8060202754988
1238	45.8060202754988
1239	45.8060202754988
1240	45.8060202754988
1241	43.5969356097301
1242	43.5969356097301
1243	43.4020163745152
1244	43.3370432961103
1245	43.3370432961103
1246	0.0649730784049629
1247	0
1248	0
1249	11.6301810344884
1250	11.6301810344884
1251	19.361977364679
1252	22.5456582065221
1253	22.6106312849271
1254	22.6756043633321
1255	22.6756043633321
1256	22.6756043633321
1257	22.6756043633321
1258	22.6756043633321
1259	22.6756043633321
1260	22.6756043633321
1261	60.3599898382105
1262	66.0776207378472
1263	90.8323636101381
1264	103.112275428676
1265	103.112275428676
1266	103.177248507081
1267	103.177248507081
1268	122.734145106975
1269	128.711668320231
1270	146.644237960001
1271	153.336465035712
1272	162.367722934002
1273	162.432696012407
1274	243.843963253825
1275	310.76623401094
1276	322.201495810213
1277	338.639684646669
1278	345.98164250643
1279	368.917139183382
1280	369.112058418597
1281	369.177031497002
1282	340.069092371578
1283	308.557149345171
1284	320.772088085304
1285	330.777942159668
1286	394.256639761317
1287	400.429082209788
1288	415.697755634955
1289	415.697755634955
1290	422.000144240236
1291	422.000144240236
1292	431.031402138526
1293	426.613232806989
1294	421.415386534592
1295	406.796443893475
1296	334.611353785561
1297	231.888916827312
1298	226.301232084486
1299	218.439489597485
1300	212.851804854658
1301	203.235789250724
1302	217.399920343006
1303	145.864561019142
1304	139.757091649075
1305	155.610522779886
1306	129.816210653116
1307	111.558775621321
1308	94.405882922411
1309	71.9251977942939
1310	75.4987171065668
1311	93.6262059815515
1312	100.708271527692
1313	100.708271527692
1314	108.959852485123
1315	161.782965228357
1316	190.890904353781
1317	192.4502582355
1318	192.58020439231
1319	206.679362406187
1320	195.893831390963
1321	197.258266037467
1322	178.286127143218
1323	178.156180986408
1324	178.026234829598
1325	186.342788865433
1326	202.391139231459
1327	202.391139231459
1328	219.349112695155
1329	224.092147418717
1330	252.225490368066
1331	314.404726401618
1332	347.346077152935
1333	386.979654979962
1334	571.568170728457
1335	771.750225294148
1336	856.799984926245
1337	893.834639617074
1338	923.267444134522
1339	979.40418387641
1340	1054.96787406139
1341	1078.55310152239
1342	1097.65518657345
1343	1170.81487285744
1344	1214.54175462398
1345	1401.46930119506
1346	1523.09890396915
1347	1569.09984347986
1348	1664.09048410792
1349	1707.23260816881
1350	1294.06880259165
1351	1297.44740266871
1352	1241.50558216204
1353	1160.48415339105
1354	1192.71080027991
1355	1169.97022283817
1356	1182.76991928395
1357	1102.91800592425
1358	1118.57651781984
1359	1109.87012531358
1360	1107.20622909898
1361	1110.64980225444
1362	1081.60683620742
1363	1081.99667467785
1364	1031.51259275719
1365	995.257615007221
1366	677.019476979713
1367	586.706897996815
1368	530.830050568547
1369	339.224442352312
1370	259.047663600588
1371	251.705705740826
1372	247.872294114933
1373	215.320781834047
1374	216.035485696501
1375	184.783434983714
1376	168.994976931308
1377	169.124923088118
1378	168.994976931308
1379	126.957395203297
1380	131.115672221215
1381	139.497199335455
1382	94.9906406280557
1383	94.9906406280557
1384	94.9906406280557
1385	94.9906406280557
1386	88.9481443363942
1387	81.1513749277986
1388	51.7185704103504
1389	51.7835434887554
1390	51.7835434887554
1391	51.7835434887554
1392	51.7835434887554
1393	44.2466663937797
1394	44.2466663937797
1395	37.9442777884983
1396	41.3228778655564
1397	41.3878509439614
1398	47.1054818435981
1399	47.1054818435981
1400	38.7239547293579
1401	24.9496621075058
1402	19.8817619919187
1403	26.7039352244398
1404	21.1812235600179
1405	21.1812235600179
1406	21.1812235600179
1407	21.1812235600179
1408	23.9750659314313
1409	23.9750659314313
1410	23.9750659314313
1411	23.9750659314313
1412	23.9100928530264
1413	23.9100928530264
1414	23.8451197746214
1415	23.7151736178115
1416	34.2408123194155
1417	43.0121779040854
1418	42.5573663552507
1419	34.8255700250601
1420	62.4391283471693
1421	68.6765438740457
1422	68.6765438740457
1423	68.6765438740457
1424	68.6765438740457
1425	68.6765438740457
1426	68.6765438740457
1427	65.8827015026323
1428	65.8827015026323
1429	65.8827015026323
1430	65.8827015026323
1431	60.1000975245907
1432	60.1000975245907
1433	51.5236511751356
1434	51.5236511751356
1435	30.4723737719276
1436	30.4723737719276
1437	21.051277403208
1438	21.051277403208
1439	13.2545079946124
1440	19.4269504430839
1441	26.5739890676298
1442	35.2803815738949
1443	35.2803815738949
1444	35.2803815738949
1445	35.2803815738949
1446	35.2803815738949
1447	35.2803815738949
1448	35.6702200443246
1449	38.594008572548
1450	39.9584432190522
1451	43.2070971393003
1452	46.6506702947634
1453	46.8455895299782
1454	46.8455895299782
1455	46.8455895299782
1456	40.6731470815068
1457	40.6731470815068
1458	40.6731470815068
1459	40.6731470815068
1460	40.7381201599117
1461	40.7381201599117
1462	40.6731470815068
1463	40.6731470815068
1464	24.8197159506958
1465	24.8197159506958
1466	32.0967007320517
1467	32.0967007320517
1468	32.0967007320517
1469	32.0967007320517
1470	32.1616738104566
1471	32.1616738104566
1472	32.1616738104566
1473	32.1616738104566
1474	32.1616738104566
1475	32.1616738104566
1476	32.0967007320517
1477	31.641889183217
1478	31.4469699480021
1479	31.3819968695971
1480	59.1904744269212
1481	243.454124783396
1482	420.050951888086
1483	420.050951888086
1484	435.254652234848
1485	435.189679156443
1486	435.189679156443
1487	435.319625313253
1488	523.033281159951
1489	523.033281159951
1490	523.033281159951
1491	523.033281159951
1492	523.033281159951
1493	523.033281159951
1494	523.033281159951
1495	523.033281159951
1496	426.028475101343
1497	425.378744317294
1498	311.675857108609
1499	302.839518445533
1500	262.491236756051
1501	145.734614862332
1502	161.782965228358
1503	150.542622664299
1504	150.542622664299
1505	133.649622279009
1506	106.685794740949
1507	107.335525524999
1508	136.768330042447
1509	161.393126757928
1510	183.743865729235
1511	181.144942593036
1512	180.560184887392
1513	185.758031159789
1514	190.046254334516
1515	190.046254334516
1516	195.763885234153
1517	186.927546571078
1518	206.289523935757
1519	213.046724089873
1520	213.176670246683
1521	272.367144673606
1522	272.367144673606
1523	264.570375265011
1524	264.570375265011
1525	379.962562512225
1526	372.555631574059
1527	327.13944976899
1528	325.190257416841
1529	307.322660855476
1530	301.864922269459
1531	264.96021373544
1532	222.987605085833
1533	220.388681949634
1534	220.453655028039
1535	216.295378010121
1536	211.812235600179
1537	160.418530581853
1538	160.548476738663
1539	160.613449817068
1540	160.808369052283
1541	15.2037003467613
1542	7.66682325178562
1543	7.40693093816577
1544	9.42109636871962
1545	9.42109636871962
1546	9.42109636871962
1547	9.42109636871962
1548	9.42109636871962
1549	3.83341162589281
1550	3.83341162589281
1551	3.83341162589281
1552	3.83341162589281
1553	8.0566617222154
1554	8.0566617222154
1555	8.0566617222154
1556	21.5060889520427
1557	21.5060889520427
1558	21.5710620304477
1559	21.5060889520427
1560	21.5060889520427
1561	21.5060889520427
1562	21.5060889520427
1563	21.5060889520427
1564	25.3395005779356
1565	25.3395005779356
1566	25.3395005779356
1567	25.3395005779356
1568	25.3395005779356
1569	25.2745274995306
1570	25.2745274995306
1571	25.2745274995306
1572	10.7205579368189
1573	10.7205579368189
1574	14.6839157195216
1575	14.6839157195216
1576	14.6839157195216
1577	14.3590503274968
1578	14.2940772490918
1579	8.44650019264518
1580	8.44650019264518
1581	8.51147327105014
1582	8.5764463494551
1583	36.6448162203991
1584	81.0214287709886
1585	85.1147327105013
1586	85.1147327105013
1587	80.7615364573688
1588	80.7615364573688
1589	95.4454521768904
1590	102.202652331007
1591	102.202652331007
1592	115.522133404024
1593	115.522133404024
1594	115.522133404024
1595	147.099049508836
1596	162.692588326027
1597	178.935857927268
1598	178.935857927268
1599	195.244100606913
1600	201.09167766336
1601	201.09167766336
1602	201.09167766336
1603	194.204531352434
1604	177.571423280763
1605	151.712138075588
1606	151.777111153993
1607	151.777111153993
1608	151.777111153993
1609	151.777111153993
1610	151.777111153993
1611	123.578795126239
1612	108.634987093098
1613	92.3917174918572
1614	83.1005672799475
1615	50.4191088422512
1616	50.4840819206562
1617	97.2646983722294
1618	89.3379828068239
1619	77.9027210075505
1620	69.6511400501202
1621	69.6511400501202
1622	69.6511400501202
1623	63.9984822288884
1624	63.9984822288884
1625	69.7161131285251
1626	69.7161131285251
1627	69.7161131285251
1628	69.7161131285251
1629	69.6511400501202
1630	69.6511400501202
1631	62.6990206607892
1632	62.6990206607892
1633	45.2212625698542
1634	39.8934701406472
1635	39.8284970622422
1636	39.8284970622422
1637	36.1900046715643
1638	36.1900046715643
1639	36.1900046715643
1640	4.35319625313251
1641	4.35319625313251
1642	4.35319625313251
1643	4.35319625313251
1644	4.35319625313251
1645	4.35319625313251
1646	12.7996964457777
1647	12.7996964457777
1648	23.4552813041916
1649	23.4552813041916
1650	29.2378852822333
1651	29.2378852822333
1652	29.2378852822333
1653	29.2378852822333
1654	29.3028583606383
1655	35.6702200443246
1656	35.6702200443246
1657	35.6702200443246
1658	55.8118743498631
1659	85.829436572956
1660	93.0414482759068
1661	89.4679289636339
1662	116.691648815313
1663	120.265168127586
1664	124.813283615934
1665	164.966646070201
1666	237.086763099709
1667	237.086763099709
1668	245.07845174352
1669	245.07845174352
1670	301.605029955839
1671	326.48971898494
1672	349.490188740297
1673	353.193654209379
1674	355.207819639933
1675	317.71835340027
1676	310.636287854129
1677	311.350991716583
1678	304.528818484062
1679	316.613811067385
1680	316.613811067385
1681	248.522024898983
1682	239.295847765478
1683	234.227947649891
1684	247.872294114933
1685	247.872294114933
1686	252.225490368066
1687	318.368084184319
1688	324.280634319171
1689	332.272322962981
1690	338.769630803478
1691	334.156542236725
1692	347.865861780173
1693	350.724677229991
1694	313.170237911922
1695	307.90741856112
1696	310.246449383699
1697	304.333899248847
1698	304.203953092037
1699	304.203953092037
1700	300.43551454455
1701	308.362230109955
1702	308.362230109955
1703	272.172225438391
1704	272.172225438391
1705	257.033498170034
1706	283.15267568883
1707	295.497560585772
1708	318.822895733154
1709	306.153145444186
1710	367.292812223256
1711	416.217540262194
1712	469.235572240644
1713	496.914103641158
1714	496.914103641158
1715	482.230187921636
1716	482.230187921636
1717	487.687926507653
1718	481.970295608016
1719	465.142268301131
1720	465.142268301131
1721	465.142268301131
1722	458.969825852659
1723	405.626928482185
1724	405.626928482185
1725	397.895132151994
1726	389.968416586589
1727	306.997795463451
1728	6.17244244847147
1729	6.10746937006651
1730	6.04249629166155
1731	6.04249629166155
1732	5.97752321325658
1733	5.84757705644666
1734	5.84757705644666
1735	5.84757705644666
1736	5.91255013485162
1737	5.91255013485162
1738	5.45773858601688
1739	5.45773858601688
1740	9.55104252552955
1741	9.55104252552955
1742	9.55104252552955
1743	9.55104252552955
1744	9.48606944712458
1745	9.48606944712458
1746	9.48606944712458
1747	25.0796082643157
1748	25.0796082643157
1749	25.0796082643157
1750	25.0796082643157
1751	25.0796082643157
1752	24.9496621075058
1753	24.9496621075058
1754	24.9496621075058
1755	24.9496621075058
1756	24.9496621075058
1757	24.9496621075058
1758	24.9496621075058
1759	35.3453546522998
1760	35.3453546522998
1761	72.4449824215336
1762	56.8514436043425
1763	77.2529902235009
1764	77.2529902235009
1765	89.1430635716091
1766	89.1430635716091
1767	96.6149675881798
1768	931.259132778333
1769	1132.61070275532
1770	1159.11971874454
1771	1159.11971874454
1772	1159.11971874454
1773	1162.95313037043
1774	1195.56961572973
1775	1213.43721229109
1776	1225.19733948239
1777	1225.19733948239
1778	1220.84414322926
1779	1227.34145106975
1780	1240.66093214277
1781	1202.19686972703
1782	1194.85491186727
1783	1173.67368830725
1784	246.377913311619
1785	185.173273454144
1786	162.302749855597
1787	166.78589226554
1788	166.78589226554
1789	166.78589226554
1790	159.313988248969
1791	162.887507561242
1792	170.749250048242
1793	170.749250048242
1794	165.291511462226
1795	160.353557503448
1796	151.322299605159
1797	107.010660132974
1798	102.397571566221
1799	102.397571566221
1800	102.397571566221
1801	95.9002637257252
1802	94.9906406280557
1803	87.9085750819147
1804	87.9085750819147
1805	87.9085750819147
1806	80.5666172221539
1807	75.8235824985916
1808	75.8235824985916
1809	48.9247280389371
1810	31.9017814968368
1811	63.4786976016487
1812	90.3775520613034
1813	101.358002311742
1814	118.640841167462
1815	118.640841167462
1816	118.640841167462
1817	151.777111153993
1818	240.075524706338
1819	256.383767385984
1820	264.050590637771
1821	313.560076382352
1822	313.560076382352
1823	313.560076382352
1824	313.560076382352
1825	317.393488008245
1826	337.600115392189
1827	349.425215661892
1828	382.561485648423
1829	389.838470429779
1830	385.355328019836
1831	378.273262473695
1832	352.02413879809
1833	354.623061934289
1834	346.566400212073
1835	340.069092371577
1836	340.069092371577
1837	272.107252359986
1838	177.831315594383
1839	169.319842323333
1840	169.319842323333
1841	161.977884463572
1842	161.977884463572
1843	158.534311308109
1844	59.0605282701113
1845	59.0605282701113
1846	44.2466663937797
1847	36.709789298804
1848	17.477758090935
1849	9.16120405509977
1850	3.44357315546303
1851	3.44357315546303
1852	21.1812235600179
1853	269.053517674952
1854	467.611245280519
1855	736.859682190684
1856	736.859682190684
1857	736.859682190684
1858	736.859682190684
1859	736.859682190684
1860	736.859682190684
1861	736.859682190684
1862	736.859682190684
1863	736.859682190684
1864	736.859682190684
1865	736.859682190684
1866	736.859682190684
1867	736.859682190684
1868	736.859682190684
1869	720.226574119013
1870	0
1871	0
1872	0
1873	0
1874	0
1875	0
1876	0
1877	0
1878	0
1879	0
1880	0
1881	0
1882	0
1883	0
1884	0
1885	0
1886	0
1887	0
1888	0
1889	0
1890	0
1891	0
1892	0
1893	0
